
Tree((155, 28); 20; 20; [45, 112, 3, 255]; [112, 52, 3, 255]; 1)
Mountain((182, 177); 30; 40; [112, 112, 112, 255]; False; [255, 255, 255, 255])
Tree((96, 54); 20; 20; [45, 112, 3, 255]; [112, 52, 3, 255]; 1)
Tree((83, 12); 20; 20; [45, 112, 3, 255]; [112, 52, 3, 255]; 1)
Tree((165, 4); 20; 20; [45, 112, 3, 255]; [112, 52, 3, 255]; 1)
Mountain((152, 110); 30; 40; [112, 112, 112, 255]; False; [255, 255, 255, 255])
Tree((123, 35); 20; 20; [45, 112, 3, 255]; [112, 52, 3, 255]; 1)
Mountain((27, 4); 30; 40; [112, 112, 112, 255]; False; [255, 255, 255, 255])
Tree((123, 112); 20; 20; [45, 112, 3, 255]; [112, 52, 3, 255]; 1)
Tree((39, 69); 20; 20; [45, 112, 3, 255]; [112, 52, 3, 255]; 1)
Tree((124, 79); 20; 20; [45, 112, 3, 255]; [112, 52, 3, 255]; 1)
Mountain((196, 14); 30; 40; [112, 112, 112, 255]; False; [255, 255, 255, 255])
Mountain((137, 174); 30; 40; [112, 112, 112, 255]; False; [255, 255, 255, 255])
Mountain((188, 119); 30; 40; [112, 112, 112, 255]; False; [255, 255, 255, 255])
Tree((155, 155); 20; 20; [45, 112, 3, 255]; [112, 52, 3, 255]; 1)
Mountain((16, 158); 30; 40; [112, 112, 112, 255]; False; [255, 255, 255, 255])
Mountain((31, 100); 30; 40; [112, 112, 112, 255]; False; [255, 255, 255, 255])
Tree((100, 98); 20; 20; [45, 112, 3, 255]; [112, 52, 3, 255]; 1)
Tree((210, 90); 20; 20; [45, 112, 3, 255]; [112, 52, 3, 255]; 1)
Mountain((46, 184); 30; 40; [112, 112, 112, 255]; False; [255, 255, 255, 255])
Mountain((69, 35); 30; 40; [112, 112, 112, 255]; False; [255, 255, 255, 255])
Tree((210, 185); 20; 20; [45, 112, 3, 255]; [112, 52, 3, 255]; 1)
Mountain((83, 166); 30; 40; [112, 112, 112, 255]; False; [255, 255, 255, 255])
Tree((185, 64); 20; 20; [45, 112, 3, 255]; [112, 52, 3, 255]; 1)
Tree((69, 92); 20; 20; [45, 112, 3, 255]; [112, 52, 3, 255]; 1)
Mountain((157, 51); 30; 40; [112, 112, 112, 255]; False; [255, 255, 255, 255])
Tree((117, 3); 20; 20; [45, 112, 3, 255]; [112, 52, 3, 255]; 1)
Tree((102, 189); 20; 20; [45, 112, 3, 255]; [112, 52, 3, 255]; 1)
House((83, 249); 10; 10; [200, 112, 70, 255]; [112, 70, 40, 255]; [80, 70, 65, 255])
Tree((191, 301); 20; 20; [45, 112, 3, 255]; [112, 52, 3, 255]; 1)
House((197, 252); 10; 10; [200, 112, 70, 255]; [112, 70, 40, 255]; [80, 70, 65, 255])
House((16, 354); 10; 10; [200, 112, 70, 255]; [112, 70, 40, 255]; [80, 70, 65, 255])
Tree((15, 255); 20; 20; [45, 112, 3, 255]; [112, 52, 3, 255]; 1)
Tree((52, 334); 20; 20; [45, 112, 3, 255]; [112, 52, 3, 255]; 1)
House((186, 244); 10; 10; [200, 112, 70, 255]; [112, 70, 40, 255]; [80, 70, 65, 255])
Tree((93, 295); 20; 20; [45, 112, 3, 255]; [112, 52, 3, 255]; 1)
House((15, 373); 10; 10; [200, 112, 70, 255]; [112, 70, 40, 255]; [80, 70, 65, 255])
House((148, 232); 10; 10; [200, 112, 70, 255]; [112, 70, 40, 255]; [80, 70, 65, 255])
House((21, 337); 10; 10; [200, 112, 70, 255]; [112, 70, 40, 255]; [80, 70, 65, 255])
House((171, 287); 10; 10; [200, 112, 70, 255]; [112, 70, 40, 255]; [80, 70, 65, 255])
House((129, 229); 10; 10; [200, 112, 70, 255]; [112, 70, 40, 255]; [80, 70, 65, 255])
House((9, 397); 10; 10; [200, 112, 70, 255]; [112, 70, 40, 255]; [80, 70, 65, 255])
House((103, 398); 10; 10; [200, 112, 70, 255]; [112, 70, 40, 255]; [80, 70, 65, 255])
Tree((161, 300); 20; 20; [45, 112, 3, 255]; [112, 52, 3, 255]; 1)
Tree((13, 276); 20; 20; [45, 112, 3, 255]; [112, 52, 3, 255]; 1)
Tree((148, 254); 20; 20; [45, 112, 3, 255]; [112, 52, 3, 255]; 1)
House((107, 310); 10; 10; [200, 112, 70, 255]; [112, 70, 40, 255]; [80, 70, 65, 255])
Tree((53, 302); 20; 20; [45, 112, 3, 255]; [112, 52, 3, 255]; 1)
House((155, 284); 10; 10; [200, 112, 70, 255]; [112, 70, 40, 255]; [80, 70, 65, 255])
Tree((107, 242); 20; 20; [45, 112, 3, 255]; [112, 52, 3, 255]; 1)
Tree((33, 361); 20; 20; [45, 112, 3, 255]; [112, 52, 3, 255]; 1)
House((158, 212); 10; 10; [200, 112, 70, 255]; [112, 70, 40, 255]; [80, 70, 65, 255])
Tree((201, 334); 20; 20; [45, 112, 3, 255]; [112, 52, 3, 255]; 1)
Tree((186, 276); 20; 20; [45, 112, 3, 255]; [112, 52, 3, 255]; 1)
House((122, 319); 10; 10; [200, 112, 70, 255]; [112, 70, 40, 255]; [80, 70, 65, 255])
House((135, 288); 10; 10; [200, 112, 70, 255]; [112, 70, 40, 255]; [80, 70, 65, 255])
House((149, 329); 10; 10; [200, 112, 70, 255]; [112, 70, 40, 255]; [80, 70, 65, 255])
Tree((118, 264); 20; 20; [45, 112, 3, 255]; [112, 52, 3, 255]; 1)
Tree((107, 342); 20; 20; [45, 112, 3, 255]; [112, 52, 3, 255]; 1)
House((102, 369); 10; 10; [200, 112, 70, 255]; [112, 70, 40, 255]; [80, 70, 65, 255])
Tree((98, 223); 20; 20; [45, 112, 3, 255]; [112, 52, 3, 255]; 1)
Tree((39, 392); 20; 20; [45, 112, 3, 255]; [112, 52, 3, 255]; 1)
Tree((65, 373); 20; 20; [45, 112, 3, 255]; [112, 52, 3, 255]; 1)
Tree((27, 237); 20; 20; [45, 112, 3, 255]; [112, 52, 3, 255]; 1)
Tree((3, 364); 20; 20; [45, 112, 3, 255]; [112, 52, 3, 255]; 1)
Mountain((68, 222); 30; 40; [112, 112, 112, 255]; False; [255, 255, 255, 255])
House((137, 317); 10; 10; [200, 112, 70, 255]; [112, 70, 40, 255]; [80, 70, 65, 255])
Tree((163, 343); 20; 20; [45, 112, 3, 255]; [112, 52, 3, 255]; 1)
House((73, 345); 10; 10; [200, 112, 70, 255]; [112, 70, 40, 255]; [80, 70, 65, 255])
Tree((44, 250); 20; 20; [45, 112, 3, 255]; [112, 52, 3, 255]; 1)
House((126, 253); 10; 10; [200, 112, 70, 255]; [112, 70, 40, 255]; [80, 70, 65, 255])
House((74, 332); 10; 10; [200, 112, 70, 255]; [112, 70, 40, 255]; [80, 70, 65, 255])
Hill((23, 598); 5; 5; [15, 112, 26, 255])
House((165, 489); 10; 10; [200, 112, 70, 255]; [112, 70, 40, 255]; [80, 70, 65, 255])
House((154, 513); 10; 10; [200, 112, 70, 255]; [112, 70, 40, 255]; [80, 70, 65, 255])
House((113, 493); 10; 10; [200, 112, 70, 255]; [112, 70, 40, 255]; [80, 70, 65, 255])
Tree((86, 534); 10; 20; [30, 85, 25, 255]; [95, 60, 0, 255]; 2)
House((170, 580); 10; 10; [200, 112, 70, 255]; [112, 70, 40, 255]; [80, 70, 65, 255])
Tree((192, 453); 10; 20; [30, 85, 25, 255]; [95, 60, 0, 255]; 2)
Tree((12, 418); 20; 20; [45, 112, 3, 255]; [112, 52, 3, 255]; 1)
House((178, 511); 10; 10; [200, 112, 70, 255]; [112, 70, 40, 255]; [80, 70, 65, 255])
House((58, 530); 10; 10; [200, 112, 70, 255]; [112, 70, 40, 255]; [80, 70, 65, 255])
House((118, 589); 10; 10; [200, 112, 70, 255]; [112, 70, 40, 255]; [80, 70, 65, 255])
Tree((42, 517); 10; 20; [30, 85, 25, 255]; [95, 60, 0, 255]; 2)
Tree((197, 511); 10; 20; [30, 85, 25, 255]; [95, 60, 0, 255]; 2)
Tree((135, 466); 10; 20; [30, 85, 25, 255]; [95, 60, 0, 255]; 2)
Tree((192, 574); 20; 20; [45, 112, 3, 255]; [112, 52, 3, 255]; 1)
Tree((180, 555); 20; 20; [45, 112, 3, 255]; [112, 52, 3, 255]; 1)
House((27, 489); 10; 10; [200, 112, 70, 255]; [112, 70, 40, 255]; [80, 70, 65, 255])
House((74, 494); 10; 10; [200, 112, 70, 255]; [112, 70, 40, 255]; [80, 70, 65, 255])
House((171, 543); 10; 10; [200, 112, 70, 255]; [112, 70, 40, 255]; [80, 70, 65, 255])
Tree((149, 572); 20; 20; [45, 112, 3, 255]; [112, 52, 3, 255]; 1)
House((9, 459); 10; 10; [200, 112, 70, 255]; [112, 70, 40, 255]; [80, 70, 65, 255])
Hill((16, 589); 5; 5; [15, 112, 26, 255])
House((11, 440); 10; 10; [200, 112, 70, 255]; [112, 70, 40, 255]; [80, 70, 65, 255])
Tree((45, 431); 20; 20; [45, 112, 3, 255]; [112, 52, 3, 255]; 1)
Tree((145, 549); 10; 20; [30, 85, 25, 255]; [95, 60, 0, 255]; 2)
House((141, 487); 10; 10; [200, 112, 70, 255]; [112, 70, 40, 255]; [80, 70, 65, 255])
House((67, 523); 10; 10; [200, 112, 70, 255]; [112, 70, 40, 255]; [80, 70, 65, 255])
Hill((190, 541); 5; 5; [15, 112, 26, 255])
House((139, 454); 10; 10; [200, 112, 70, 255]; [112, 70, 40, 255]; [80, 70, 65, 255])
Tree((102, 492); 10; 20; [30, 85, 25, 255]; [95, 60, 0, 255]; 2)
Tree((192, 487); 10; 20; [30, 85, 25, 255]; [95, 60, 0, 255]; 2)
House((165, 454); 10; 10; [200, 112, 70, 255]; [112, 70, 40, 255]; [80, 70, 65, 255])
Hill((204, 533); 5; 5; [15, 112, 26, 255])
House((169, 476); 10; 10; [200, 112, 70, 255]; [112, 70, 40, 255]; [80, 70, 65, 255])
Tree((153, 450); 10; 20; [30, 85, 25, 255]; [95, 60, 0, 255]; 2)
Tree((28, 528); 10; 20; [30, 85, 25, 255]; [95, 60, 0, 255]; 2)
Hill((81, 587); 5; 5; [15, 112, 26, 255])
House((99, 556); 10; 10; [200, 112, 70, 255]; [112, 70, 40, 255]; [80, 70, 65, 255])
Tree((124, 556); 20; 20; [45, 112, 3, 255]; [112, 52, 3, 255]; 1)
House((157, 561); 10; 10; [200, 112, 70, 255]; [112, 70, 40, 255]; [80, 70, 65, 255])
Hill((14, 599); 5; 5; [15, 112, 26, 255])
House((142, 512); 10; 10; [200, 112, 70, 255]; [112, 70, 40, 255]; [80, 70, 65, 255])
House((73, 470); 10; 10; [200, 112, 70, 255]; [112, 70, 40, 255]; [80, 70, 65, 255])
Hill((79, 574); 5; 5; [15, 112, 26, 255])
Tree((81, 453); 10; 20; [30, 85, 25, 255]; [95, 60, 0, 255]; 2)
Tree((198, 431); 10; 20; [30, 85, 25, 255]; [95, 60, 0, 255]; 2)
Tree((135, 527); 10; 20; [30, 85, 25, 255]; [95, 60, 0, 255]; 2)
Tree((83, 405); 20; 20; [45, 112, 3, 255]; [112, 52, 3, 255]; 1)
House((60, 507); 10; 10; [200, 112, 70, 255]; [112, 70, 40, 255]; [80, 70, 65, 255])
Tree((25, 467); 10; 20; [30, 85, 25, 255]; [95, 60, 0, 255]; 2)
House((84, 490); 10; 10; [200, 112, 70, 255]; [112, 70, 40, 255]; [80, 70, 65, 255])
House((127, 498); 10; 10; [200, 112, 70, 255]; [112, 70, 40, 255]; [80, 70, 65, 255])
Hill((80, 578); 5; 5; [15, 112, 26, 255])
House((155, 539); 10; 10; [200, 112, 70, 255]; [112, 70, 40, 255]; [80, 70, 65, 255])
Tree((29, 557); 10; 20; [30, 85, 25, 255]; [95, 60, 0, 255]; 2)
House((15, 527); 10; 10; [200, 112, 70, 255]; [112, 70, 40, 255]; [80, 70, 65, 255])
Tree((173, 447); 10; 20; [30, 85, 25, 255]; [95, 60, 0, 255]; 2)
Tree((31, 506); 10; 20; [30, 85, 25, 255]; [95, 60, 0, 255]; 2)
House((4, 513); 10; 10; [200, 112, 70, 255]; [112, 70, 40, 255]; [80, 70, 65, 255])
Hill((26, 623); 5; 5; [15, 112, 26, 255])
Hill((114, 661); 5; 5; [15, 112, 26, 255])
Hill((92, 710); 5; 5; [15, 112, 26, 255])
Hill((100, 772); 5; 5; [15, 112, 26, 255])
Hill((125, 672); 5; 5; [15, 112, 26, 255])
Hill((129, 675); 5; 5; [15, 112, 26, 255])
Hill((201, 663); 5; 5; [15, 112, 26, 255])
Hill((46, 715); 5; 5; [15, 112, 26, 255])
Hill((170, 726); 5; 5; [15, 112, 26, 255])
Hill((117, 788); 5; 5; [15, 112, 26, 255])
Hill((135, 742); 5; 5; [15, 112, 26, 255])
Hill((186, 675); 5; 5; [15, 112, 26, 255])
House((151, 607); 10; 10; [200, 112, 70, 255]; [112, 70, 40, 255]; [80, 70, 65, 255])
Hill((127, 792); 5; 5; [15, 112, 26, 255])
Hill((137, 657); 5; 5; [15, 112, 26, 255])
Hill((111, 705); 5; 5; [15, 112, 26, 255])
Hill((65, 648); 5; 5; [15, 112, 26, 255])
Hill((127, 732); 5; 5; [15, 112, 26, 255])
Hill((132, 752); 5; 5; [15, 112, 26, 255])
Hill((147, 621); 5; 5; [15, 112, 26, 255])
Hill((74, 760); 5; 5; [15, 112, 26, 255])
Hill((18, 648); 5; 5; [15, 112, 26, 255])
Hill((184, 690); 5; 5; [15, 112, 26, 255])
Hill((32, 750); 5; 5; [15, 112, 26, 255])
Hill((58, 744); 5; 5; [15, 112, 26, 255])
Hill((67, 744); 5; 5; [15, 112, 26, 255])
Hill((165, 685); 5; 5; [15, 112, 26, 255])
Hill((89, 683); 5; 5; [15, 112, 26, 255])
Hill((133, 717); 5; 5; [15, 112, 26, 255])
Hill((155, 653); 5; 5; [15, 112, 26, 255])
Hill((160, 759); 5; 5; [15, 112, 26, 255])
Hill((103, 704); 5; 5; [15, 112, 26, 255])
Hill((63, 768); 5; 5; [15, 112, 26, 255])
Hill((45, 605); 5; 5; [15, 112, 26, 255])
Hill((101, 662); 5; 5; [15, 112, 26, 255])
Hill((121, 651); 5; 5; [15, 112, 26, 255])
Hill((31, 657); 5; 5; [15, 112, 26, 255])
Hill((55, 661); 5; 5; [15, 112, 26, 255])
Hill((103, 641); 5; 5; [15, 112, 26, 255])
Hill((25, 610); 5; 5; [15, 112, 26, 255])
Hill((55, 783); 5; 5; [15, 112, 26, 255])
Hill((168, 716); 5; 5; [15, 112, 26, 255])
Hill((69, 780); 5; 5; [15, 112, 26, 255])
Hill((145, 651); 5; 5; [15, 112, 26, 255])
Hill((77, 742); 5; 5; [15, 112, 26, 255])
Hill((188, 772); 5; 5; [15, 112, 26, 255])
Hill((40, 724); 5; 5; [15, 112, 26, 255])
Hill((181, 705); 5; 5; [15, 112, 26, 255])
Hill((20, 667); 5; 5; [15, 112, 26, 255])
Hill((91, 617); 5; 5; [15, 112, 26, 255])
Hill((84, 666); 5; 5; [15, 112, 26, 255])
Hill((40, 640); 5; 5; [15, 112, 26, 255])
Hill((179, 759); 5; 5; [15, 112, 26, 255])
Hill((183, 733); 5; 5; [15, 112, 26, 255])
Hill((131, 739); 5; 5; [15, 112, 26, 255])
Hill((115, 748); 5; 5; [15, 112, 26, 255])
Tree((193, 611); 20; 20; [45, 112, 3, 255]; [112, 52, 3, 255]; 1)
Hill((85, 688); 5; 5; [15, 112, 26, 255])
Hill((63, 663); 5; 5; [15, 112, 26, 255])
Hill((148, 827); 5; 5; [15, 112, 26, 255])
Hill((183, 838); 5; 5; [15, 112, 26, 255])
Hill((149, 804); 5; 5; [15, 112, 26, 255])
Hill((131, 819); 5; 5; [15, 112, 26, 255])
Hill((201, 806); 5; 5; [15, 112, 26, 255])
Hill((114, 837); 5; 5; [15, 112, 26, 255])
Hill((89, 807); 5; 5; [15, 112, 26, 255])
Hill((119, 820); 5; 5; [15, 112, 26, 255])
Hill((78, 823); 5; 5; [15, 112, 26, 255])
Hill((50, 831); 5; 5; [15, 112, 26, 255])
Hill((52, 802); 5; 5; [15, 112, 26, 255])
Hill((51, 814); 5; 5; [15, 112, 26, 255])
Hill((155, 816); 5; 5; [15, 112, 26, 255])
Hill((100, 804); 5; 5; [15, 112, 26, 255])
Hill((151, 822); 5; 5; [15, 112, 26, 255])
Tree((213, 151); 20; 20; [45, 112, 3, 255]; [112, 52, 3, 255]; 1)
House((228, 157); 10; 10; [200, 112, 70, 255]; [112, 70, 40, 255]; [80, 70, 65, 255])
Tree((227, 135); 20; 20; [45, 112, 3, 255]; [112, 52, 3, 255]; 1)
House((257, 198); 10; 10; [200, 112, 70, 255]; [112, 70, 40, 255]; [80, 70, 65, 255])
House((257, 168); 10; 10; [200, 112, 70, 255]; [112, 70, 40, 255]; [80, 70, 65, 255])
Tree((251, 229); 20; 20; [45, 112, 3, 255]; [112, 52, 3, 255]; 1)
Tree((343, 293); 20; 20; [45, 112, 3, 255]; [112, 52, 3, 255]; 1)
House((281, 216); 10; 10; [200, 112, 70, 255]; [112, 70, 40, 255]; [80, 70, 65, 255])
Tree((240, 305); 20; 20; [45, 112, 3, 255]; [112, 52, 3, 255]; 1)
Tree((308, 274); 20; 20; [45, 112, 3, 255]; [112, 52, 3, 255]; 1)
Tree((322, 301); 20; 20; [45, 112, 3, 255]; [112, 52, 3, 255]; 1)
Mountain((282, 323); 30; 40; [112, 112, 112, 255]; False; [255, 255, 255, 255])
Tree((389, 291); 20; 20; [45, 112, 3, 255]; [112, 52, 3, 255]; 1)
Tree((220, 280); 20; 20; [45, 112, 3, 255]; [112, 52, 3, 255]; 1)
Tree((292, 239); 20; 20; [45, 112, 3, 255]; [112, 52, 3, 255]; 1)
Tree((403, 392); 20; 20; [45, 112, 3, 255]; [112, 52, 3, 255]; 1)
Tree((320, 329); 20; 20; [45, 112, 3, 255]; [112, 52, 3, 255]; 1)
Tree((309, 359); 20; 20; [45, 112, 3, 255]; [112, 52, 3, 255]; 1)
Tree((237, 216); 20; 20; [45, 112, 3, 255]; [112, 52, 3, 255]; 1)
Mountain((396, 225); 30; 40; [112, 112, 112, 255]; False; [255, 255, 255, 255])
Tree((214, 206); 20; 20; [45, 112, 3, 255]; [112, 52, 3, 255]; 1)
Tree((358, 334); 20; 20; [45, 112, 3, 255]; [112, 52, 3, 255]; 1)
Tree((331, 374); 20; 20; [45, 112, 3, 255]; [112, 52, 3, 255]; 1)
Mountain((365, 260); 30; 40; [112, 112, 112, 255]; False; [255, 255, 255, 255])
Tree((225, 240); 20; 20; [45, 112, 3, 255]; [112, 52, 3, 255]; 1)
Tree((405, 369); 20; 20; [45, 112, 3, 255]; [112, 52, 3, 255]; 1)
Tree((364, 366); 20; 20; [45, 112, 3, 255]; [112, 52, 3, 255]; 1)
Tree((343, 354); 20; 20; [45, 112, 3, 255]; [112, 52, 3, 255]; 1)
Mountain((389, 325); 30; 40; [112, 112, 112, 255]; False; [255, 255, 255, 255])
House((240, 202); 10; 10; [200, 112, 70, 255]; [112, 70, 40, 255]; [80, 70, 65, 255])
Tree((260, 248); 20; 20; [45, 112, 3, 255]; [112, 52, 3, 255]; 1)
Tree((279, 294); 20; 20; [45, 112, 3, 255]; [112, 52, 3, 255]; 1)
Mountain((323, 222); 30; 40; [112, 112, 112, 255]; False; [255, 255, 255, 255])
Hill((378, 472); 5; 5; [15, 112, 26, 255])
Hill((334, 485); 5; 5; [15, 112, 26, 255])
House((230, 566); 10; 10; [200, 112, 70, 255]; [112, 70, 40, 255]; [80, 70, 65, 255])
House((217, 494); 10; 10; [200, 112, 70, 255]; [112, 70, 40, 255]; [80, 70, 65, 255])
Hill((365, 557); 5; 5; [15, 112, 26, 255])
Tree((242, 462); 10; 20; [30, 85, 25, 255]; [95, 60, 0, 255]; 2)
Hill((359, 549); 5; 5; [15, 112, 26, 255])
Hill((373, 457); 5; 5; [15, 112, 26, 255])
Hill((369, 506); 5; 5; [15, 112, 26, 255])
Hill((279, 525); 5; 5; [15, 112, 26, 255])
Hill((302, 489); 5; 5; [15, 112, 26, 255])
House((281, 453); 10; 10; [200, 112, 70, 255]; [112, 70, 40, 255]; [80, 70, 65, 255])
House((259, 427); 10; 10; [200, 112, 70, 255]; [112, 70, 40, 255]; [80, 70, 65, 255])
Tree((211, 546); 20; 20; [45, 112, 3, 255]; [112, 52, 3, 255]; 1)
House((283, 436); 10; 10; [200, 112, 70, 255]; [112, 70, 40, 255]; [80, 70, 65, 255])
Tree((327, 409); 10; 20; [30, 85, 25, 255]; [95, 60, 0, 255]; 2)
Hill((269, 528); 5; 5; [15, 112, 26, 255])
Hill((230, 533); 5; 5; [15, 112, 26, 255])
House((264, 593); 10; 10; [200, 112, 70, 255]; [112, 70, 40, 255]; [80, 70, 65, 255])
Hill((402, 433); 5; 5; [15, 112, 26, 255])
Hill((255, 534); 5; 5; [15, 112, 26, 255])
Tree((281, 579); 20; 20; [45, 112, 3, 255]; [112, 52, 3, 255]; 1)
House((221, 555); 10; 10; [200, 112, 70, 255]; [112, 70, 40, 255]; [80, 70, 65, 255])
Hill((379, 516); 5; 5; [15, 112, 26, 255])
Hill((381, 462); 5; 5; [15, 112, 26, 255])
House((217, 437); 10; 10; [200, 112, 70, 255]; [112, 70, 40, 255]; [80, 70, 65, 255])
Hill((277, 517); 5; 5; [15, 112, 26, 255])
Hill((287, 554); 5; 5; [15, 112, 26, 255])
Hill((301, 521); 5; 5; [15, 112, 26, 255])
Hill((327, 561); 5; 5; [15, 112, 26, 255])
Tree((254, 442); 10; 20; [30, 85, 25, 255]; [95, 60, 0, 255]; 2)
Hill((231, 545); 5; 5; [15, 112, 26, 255])
Hill((255, 540); 5; 5; [15, 112, 26, 255])
Hill((399, 471); 5; 5; [15, 112, 26, 255])
Hill((379, 547); 5; 5; [15, 112, 26, 255])
Hill((274, 538); 5; 5; [15, 112, 26, 255])
Hill((358, 535); 5; 5; [15, 112, 26, 255])
Hill((280, 511); 5; 5; [15, 112, 26, 255])
Hill((341, 472); 5; 5; [15, 112, 26, 255])
Hill((305, 540); 5; 5; [15, 112, 26, 255])
Hill((381, 467); 5; 5; [15, 112, 26, 255])
Hill((243, 540); 5; 5; [15, 112, 26, 255])
Hill((352, 487); 5; 5; [15, 112, 26, 255])
Hill((388, 541); 5; 5; [15, 112, 26, 255])
Tree((361, 593); 20; 20; [45, 112, 3, 255]; [112, 52, 3, 255]; 1)
Hill((327, 543); 5; 5; [15, 112, 26, 255])
Hill((398, 438); 5; 5; [15, 112, 26, 255])
Hill((373, 535); 5; 5; [15, 112, 26, 255])
Hill((404, 443); 5; 5; [15, 112, 26, 255])
Tree((264, 445); 10; 20; [30, 85, 25, 255]; [95, 60, 0, 255]; 2)
Tree((250, 475); 10; 20; [30, 85, 25, 255]; [95, 60, 0, 255]; 2)
Hill((230, 537); 5; 5; [15, 112, 26, 255])
Hill((307, 505); 5; 5; [15, 112, 26, 255])
Hill((371, 521); 5; 5; [15, 112, 26, 255])
Hill((252, 515); 5; 5; [15, 112, 26, 255])
Tree((396, 566); 20; 20; [45, 112, 3, 255]; [112, 52, 3, 255]; 1)
Hill((369, 469); 5; 5; [15, 112, 26, 255])
Tree((231, 430); 10; 20; [30, 85, 25, 255]; [95, 60, 0, 255]; 2)
House((307, 581); 10; 10; [200, 112, 70, 255]; [112, 70, 40, 255]; [80, 70, 65, 255])
Tree((218, 579); 20; 20; [45, 112, 3, 255]; [112, 52, 3, 255]; 1)
House((207, 505); 10; 10; [200, 112, 70, 255]; [112, 70, 40, 255]; [80, 70, 65, 255])
Hill((290, 492); 5; 5; [15, 112, 26, 255])
House((274, 418); 10; 10; [200, 112, 70, 255]; [112, 70, 40, 255]; [80, 70, 65, 255])
Hill((358, 542); 5; 5; [15, 112, 26, 255])
Hill((348, 498); 5; 5; [15, 112, 26, 255])
House((272, 560); 10; 10; [200, 112, 70, 255]; [112, 70, 40, 255]; [80, 70, 65, 255])
Hill((289, 532); 5; 5; [15, 112, 26, 255])
Hill((309, 496); 5; 5; [15, 112, 26, 255])
Hill((345, 462); 5; 5; [15, 112, 26, 255])
Hill((316, 518); 5; 5; [15, 112, 26, 255])
Hill((345, 516); 5; 5; [15, 112, 26, 255])
Hill((390, 452); 5; 5; [15, 112, 26, 255])
Hill((371, 478); 5; 5; [15, 112, 26, 255])
Hill((371, 500); 5; 5; [15, 112, 26, 255])
Hill((239, 513); 5; 5; [15, 112, 26, 255])
Hill((327, 507); 5; 5; [15, 112, 26, 255])
Hill((322, 473); 5; 5; [15, 112, 26, 255])
House((347, 586); 10; 10; [200, 112, 70, 255]; [112, 70, 40, 255]; [80, 70, 65, 255])
Hill((369, 532); 5; 5; [15, 112, 26, 255])
House((296, 565); 10; 10; [200, 112, 70, 255]; [112, 70, 40, 255]; [80, 70, 65, 255])
Hill((291, 538); 5; 5; [15, 112, 26, 255])
Hill((346, 478); 5; 5; [15, 112, 26, 255])
Tree((226, 451); 10; 20; [30, 85, 25, 255]; [95, 60, 0, 255]; 2)
Hill((245, 524); 5; 5; [15, 112, 26, 255])
Tree((246, 552); 20; 20; [45, 112, 3, 255]; [112, 52, 3, 255]; 1)
Hill((344, 550); 5; 5; [15, 112, 26, 255])
House((218, 508); 10; 10; [200, 112, 70, 255]; [112, 70, 40, 255]; [80, 70, 65, 255])
Tree((307, 673); 20; 20; [45, 112, 3, 255]; [112, 52, 3, 255]; 1)
House((404, 762); 10; 10; [200, 112, 70, 255]; [112, 70, 40, 255]; [80, 70, 65, 255])
Hill((284, 723); 5; 5; [15, 112, 26, 255])
Hill((217, 734); 5; 5; [15, 112, 26, 255])
Hill((262, 735); 5; 5; [15, 112, 26, 255])
House((354, 699); 10; 10; [200, 112, 70, 255]; [112, 70, 40, 255]; [80, 70, 65, 255])
Hill((300, 716); 5; 5; [15, 112, 26, 255])
Tree((329, 716); 20; 20; [45, 112, 3, 255]; [112, 52, 3, 255]; 1)
Hill((224, 759); 5; 5; [15, 112, 26, 255])
House((363, 649); 10; 10; [200, 112, 70, 255]; [112, 70, 40, 255]; [80, 70, 65, 255])
House((249, 610); 10; 10; [200, 112, 70, 255]; [112, 70, 40, 255]; [80, 70, 65, 255])
Hill((276, 711); 5; 5; [15, 112, 26, 255])
Tree((257, 676); 20; 20; [45, 112, 3, 255]; [112, 52, 3, 255]; 1)
Tree((406, 725); 20; 20; [45, 112, 3, 255]; [112, 52, 3, 255]; 1)
House((379, 601); 10; 10; [200, 112, 70, 255]; [112, 70, 40, 255]; [80, 70, 65, 255])
Hill((246, 787); 5; 5; [15, 112, 26, 255])
Tree((286, 680); 20; 20; [45, 112, 3, 255]; [112, 52, 3, 255]; 1)
Hill((334, 747); 5; 5; [15, 112, 26, 255])
Hill((310, 709); 5; 5; [15, 112, 26, 255])
Hill((233, 774); 5; 5; [15, 112, 26, 255])
House((402, 642); 10; 10; [200, 112, 70, 255]; [112, 70, 40, 255]; [80, 70, 65, 255])
House((365, 719); 10; 10; [200, 112, 70, 255]; [112, 70, 40, 255]; [80, 70, 65, 255])
Hill((318, 750); 5; 5; [15, 112, 26, 255])
Hill((236, 786); 5; 5; [15, 112, 26, 255])
Hill((321, 783); 5; 5; [15, 112, 26, 255])
Tree((393, 681); 20; 20; [45, 112, 3, 255]; [112, 52, 3, 255]; 1)
House((307, 627); 10; 10; [200, 112, 70, 255]; [112, 70, 40, 255]; [80, 70, 65, 255])
Tree((391, 650); 20; 20; [45, 112, 3, 255]; [112, 52, 3, 255]; 1)
Hill((344, 774); 5; 5; [15, 112, 26, 255])
House((245, 647); 10; 10; [200, 112, 70, 255]; [112, 70, 40, 255]; [80, 70, 65, 255])
House((282, 605); 10; 10; [200, 112, 70, 255]; [112, 70, 40, 255]; [80, 70, 65, 255])
Tree((370, 631); 20; 20; [45, 112, 3, 255]; [112, 52, 3, 255]; 1)
Tree((297, 616); 20; 20; [45, 112, 3, 255]; [112, 52, 3, 255]; 1)
House((371, 698); 10; 10; [200, 112, 70, 255]; [112, 70, 40, 255]; [80, 70, 65, 255])
Hill((256, 789); 5; 5; [15, 112, 26, 255])
Tree((338, 619); 20; 20; [45, 112, 3, 255]; [112, 52, 3, 255]; 1)
House((352, 663); 10; 10; [200, 112, 70, 255]; [112, 70, 40, 255]; [80, 70, 65, 255])
Tree((337, 664); 20; 20; [45, 112, 3, 255]; [112, 52, 3, 255]; 1)
House((236, 643); 10; 10; [200, 112, 70, 255]; [112, 70, 40, 255]; [80, 70, 65, 255])
Hill((276, 792); 5; 5; [15, 112, 26, 255])
Hill((344, 740); 5; 5; [15, 112, 26, 255])
Hill((287, 738); 5; 5; [15, 112, 26, 255])
Hill((289, 776); 5; 5; [15, 112, 26, 255])
Hill((295, 758); 5; 5; [15, 112, 26, 255])
Tree((380, 741); 20; 20; [45, 112, 3, 255]; [112, 52, 3, 255]; 1)
Hill((399, 793); 5; 5; [15, 112, 26, 255])
Hill((324, 793); 5; 5; [15, 112, 26, 255])
House((378, 712); 10; 10; [200, 112, 70, 255]; [112, 70, 40, 255]; [80, 70, 65, 255])
House((403, 605); 10; 10; [200, 112, 70, 255]; [112, 70, 40, 255]; [80, 70, 65, 255])
House((239, 631); 10; 10; [200, 112, 70, 255]; [112, 70, 40, 255]; [80, 70, 65, 255])
Hill((388, 769); 5; 5; [15, 112, 26, 255])
Hill((267, 703); 5; 5; [15, 112, 26, 255])
Hill((261, 696); 5; 5; [15, 112, 26, 255])
House((292, 606); 10; 10; [200, 112, 70, 255]; [112, 70, 40, 255]; [80, 70, 65, 255])
House((242, 666); 10; 10; [200, 112, 70, 255]; [112, 70, 40, 255]; [80, 70, 65, 255])
Tree((261, 625); 20; 20; [45, 112, 3, 255]; [112, 52, 3, 255]; 1)
House((231, 612); 10; 10; [200, 112, 70, 255]; [112, 70, 40, 255]; [80, 70, 65, 255])
House((402, 628); 10; 10; [200, 112, 70, 255]; [112, 70, 40, 255]; [80, 70, 65, 255])
House((269, 610); 10; 10; [200, 112, 70, 255]; [112, 70, 40, 255]; [80, 70, 65, 255])
Hill((257, 802); 5; 5; [15, 112, 26, 255])
Hill((383, 809); 5; 5; [15, 112, 26, 255])
Hill((262, 852); 5; 5; [15, 112, 26, 255])
Hill((278, 829); 5; 5; [15, 112, 26, 255])
Hill((239, 803); 5; 5; [15, 112, 26, 255])
Hill((356, 843); 5; 5; [15, 112, 26, 255])
Hill((298, 817); 5; 5; [15, 112, 26, 255])
Hill((269, 853); 5; 5; [15, 112, 26, 255])
Hill((325, 836); 5; 5; [15, 112, 26, 255])
Hill((266, 804); 5; 5; [15, 112, 26, 255])
Hill((389, 844); 5; 5; [15, 112, 26, 255])
Hill((357, 812); 5; 5; [15, 112, 26, 255])
Hill((238, 845); 5; 5; [15, 112, 26, 255])
Hill((254, 829); 5; 5; [15, 112, 26, 255])
Hill((226, 807); 5; 5; [15, 112, 26, 255])
Hill((403, 809); 5; 5; [15, 112, 26, 255])
Hill((294, 846); 5; 5; [15, 112, 26, 255])
Hill((306, 848); 5; 5; [15, 112, 26, 255])
Mountain((595, 82); 30; 40; [112, 112, 112, 255]; True; [255, 255, 255, 255])
Tree((581, 123); 10; 20; [30, 85, 25, 255]; [95, 60, 0, 255]; 2)
Tree((585, 185); 10; 20; [30, 85, 25, 255]; [95, 60, 0, 255]; 2)
Tree((562, 155); 10; 20; [30, 85, 25, 255]; [95, 60, 0, 255]; 2)
Tree((603, 138); 10; 20; [30, 85, 25, 255]; [95, 60, 0, 255]; 2)
Tree((565, 186); 10; 20; [30, 85, 25, 255]; [95, 60, 0, 255]; 2)
Tree((456, 368); 20; 20; [45, 112, 3, 255]; [112, 52, 3, 255]; 1)
Tree((553, 266); 10; 20; [30, 85, 25, 255]; [95, 60, 0, 255]; 2)
Tree((557, 369); 10; 20; [30, 85, 25, 255]; [95, 60, 0, 255]; 2)
Tree((472, 382); 20; 20; [45, 112, 3, 255]; [112, 52, 3, 255]; 1)
Tree((544, 293); 10; 20; [30, 85, 25, 255]; [95, 60, 0, 255]; 2)
Mountain((426, 274); 30; 40; [112, 112, 112, 255]; False; [255, 255, 255, 255])
Tree((593, 386); 10; 20; [30, 85, 25, 255]; [95, 60, 0, 255]; 2)
Tree((483, 231); 20; 20; [45, 112, 3, 255]; [112, 52, 3, 255]; 1)
Tree((502, 317); 20; 20; [45, 112, 3, 255]; [112, 52, 3, 255]; 1)
Tree((460, 287); 20; 20; [45, 112, 3, 255]; [112, 52, 3, 255]; 1)
Mountain((512, 340); 30; 40; [112, 112, 112, 255]; False; [255, 255, 255, 255])
Mountain((539, 329); 30; 40; [112, 112, 112, 255]; True; [255, 255, 255, 255])
Mountain((568, 252); 30; 40; [112, 112, 112, 255]; True; [255, 255, 255, 255])
Mountain((570, 351); 30; 40; [112, 112, 112, 255]; True; [255, 255, 255, 255])
Mountain((493, 373); 30; 40; [112, 112, 112, 255]; False; [255, 255, 255, 255])
Tree((470, 317); 20; 20; [45, 112, 3, 255]; [112, 52, 3, 255]; 1)
Mountain((596, 332); 30; 40; [112, 112, 112, 255]; True; [255, 255, 255, 255])
Tree((558, 221); 10; 20; [30, 85, 25, 255]; [95, 60, 0, 255]; 2)
Tree((551, 396); 10; 20; [30, 85, 25, 255]; [95, 60, 0, 255]; 2)
Tree((474, 257); 20; 20; [45, 112, 3, 255]; [112, 52, 3, 255]; 1)
Mountain((488, 288); 30; 40; [112, 112, 112, 255]; False; [255, 255, 255, 255])
Tree((447, 257); 20; 20; [45, 112, 3, 255]; [112, 52, 3, 255]; 1)
Tree((479, 342); 20; 20; [45, 112, 3, 255]; [112, 52, 3, 255]; 1)
Mountain((509, 253); 30; 40; [112, 112, 112, 255]; False; [255, 255, 255, 255])
Mountain((436, 320); 30; 40; [112, 112, 112, 255]; False; [255, 255, 255, 255])
Tree((415, 245); 20; 20; [45, 112, 3, 255]; [112, 52, 3, 255]; 1)
Tree((509, 231); 10; 20; [30, 85, 25, 255]; [95, 60, 0, 255]; 2)
Mountain((594, 284); 30; 40; [112, 112, 112, 255]; True; [255, 255, 255, 255])
Mountain((526, 381); 30; 40; [112, 112, 112, 255]; True; [255, 255, 255, 255])
Mountain((484, 597); 30; 40; [112, 112, 112, 255]; False; [255, 255, 255, 255])
Tree((433, 406); 20; 20; [45, 112, 3, 255]; [112, 52, 3, 255]; 1)
Mountain((437, 501); 30; 40; [112, 112, 112, 255]; False; [255, 255, 255, 255])
Tree((495, 510); 20; 20; [45, 112, 3, 255]; [112, 52, 3, 255]; 1)
Tree((544, 507); 20; 20; [45, 112, 3, 255]; [112, 52, 3, 255]; 1)
Mountain((491, 468); 30; 40; [112, 112, 112, 255]; False; [255, 255, 255, 255])
Mountain((599, 414); 30; 40; [112, 112, 112, 255]; True; [255, 255, 255, 255])
Mountain((542, 579); 30; 40; [112, 112, 112, 255]; False; [255, 255, 255, 255])
Tree((527, 467); 20; 20; [45, 112, 3, 255]; [112, 52, 3, 255]; 1)
Mountain((511, 533); 30; 40; [112, 112, 112, 255]; False; [255, 255, 255, 255])
Tree((459, 576); 20; 20; [45, 112, 3, 255]; [112, 52, 3, 255]; 1)
Tree((553, 527); 20; 20; [45, 112, 3, 255]; [112, 52, 3, 255]; 1)
Tree((442, 480); 20; 20; [45, 112, 3, 255]; [112, 52, 3, 255]; 1)
Mountain((419, 557); 30; 40; [112, 112, 112, 255]; False; [255, 255, 255, 255])
Tree((442, 597); 20; 20; [45, 112, 3, 255]; [112, 52, 3, 255]; 1)
Tree((570, 544); 20; 20; [45, 112, 3, 255]; [112, 52, 3, 255]; 1)
Tree((592, 485); 10; 20; [30, 85, 25, 255]; [95, 60, 0, 255]; 2)
Tree((572, 403); 10; 20; [30, 85, 25, 255]; [95, 60, 0, 255]; 2)
Hill((417, 468); 5; 5; [15, 112, 26, 255])
Tree((557, 492); 20; 20; [45, 112, 3, 255]; [112, 52, 3, 255]; 1)
Mountain((572, 454); 30; 40; [112, 112, 112, 255]; True; [255, 255, 255, 255])
Tree((481, 546); 20; 20; [45, 112, 3, 255]; [112, 52, 3, 255]; 1)
Tree((508, 494); 20; 20; [45, 112, 3, 255]; [112, 52, 3, 255]; 1)
Tree((532, 553); 20; 20; [45, 112, 3, 255]; [112, 52, 3, 255]; 1)
Hill((422, 423); 5; 5; [15, 112, 26, 255])
Tree((453, 527); 20; 20; [45, 112, 3, 255]; [112, 52, 3, 255]; 1)
Tree((435, 427); 20; 20; [45, 112, 3, 255]; [112, 52, 3, 255]; 1)
Tree((545, 433); 10; 20; [30, 85, 25, 255]; [95, 60, 0, 255]; 2)
Tree((593, 515); 10; 20; [30, 85, 25, 255]; [95, 60, 0, 255]; 2)
Mountain((471, 505); 30; 40; [112, 112, 112, 255]; False; [255, 255, 255, 255])
Tree((492, 444); 20; 20; [45, 112, 3, 255]; [112, 52, 3, 255]; 1)
Mountain((600, 544); 30; 40; [112, 112, 112, 255]; True; [255, 255, 255, 255])
Hill((416, 448); 5; 5; [15, 112, 26, 255])
Hill((406, 498); 5; 5; [15, 112, 26, 255])
Tree((467, 454); 20; 20; [45, 112, 3, 255]; [112, 52, 3, 255]; 1)
Tree((445, 795); 20; 20; [45, 112, 3, 255]; [112, 52, 3, 255]; 1)
Tree((482, 743); 20; 20; [45, 112, 3, 255]; [112, 52, 3, 255]; 1)
Tree((491, 770); 20; 20; [45, 112, 3, 255]; [112, 52, 3, 255]; 1)
Mountain((534, 685); 30; 40; [112, 112, 112, 255]; False; [255, 255, 255, 255])
Tree((507, 694); 20; 20; [45, 112, 3, 255]; [112, 52, 3, 255]; 1)
House((423, 737); 10; 10; [200, 112, 70, 255]; [112, 70, 40, 255]; [80, 70, 65, 255])
Tree((602, 788); 20; 20; [45, 112, 3, 255]; [112, 52, 3, 255]; 1)
Mountain((567, 656); 30; 40; [112, 112, 112, 255]; False; [255, 255, 255, 255])
Mountain((453, 672); 30; 40; [112, 112, 112, 255]; False; [255, 255, 255, 255])
Mountain((595, 744); 30; 40; [112, 112, 112, 255]; False; [255, 255, 255, 255])
Tree((509, 785); 20; 20; [45, 112, 3, 255]; [112, 52, 3, 255]; 1)
Mountain((542, 745); 30; 40; [112, 112, 112, 255]; False; [255, 255, 255, 255])
Tree((558, 798); 20; 20; [45, 112, 3, 255]; [112, 52, 3, 255]; 1)
Mountain((443, 719); 30; 40; [112, 112, 112, 255]; False; [255, 255, 255, 255])
Mountain((571, 718); 30; 40; [112, 112, 112, 255]; False; [255, 255, 255, 255])
Tree((574, 629); 20; 20; [45, 112, 3, 255]; [112, 52, 3, 255]; 1)
Mountain((426, 617); 30; 40; [112, 112, 112, 255]; False; [255, 255, 255, 255])
House((414, 654); 10; 10; [200, 112, 70, 255]; [112, 70, 40, 255]; [80, 70, 65, 255])
Mountain((601, 702); 30; 40; [112, 112, 112, 255]; False; [255, 255, 255, 255])
Mountain((513, 724); 30; 40; [112, 112, 112, 255]; False; [255, 255, 255, 255])
Mountain((466, 776); 30; 40; [112, 112, 112, 255]; False; [255, 255, 255, 255])
House((424, 682); 10; 10; [200, 112, 70, 255]; [112, 70, 40, 255]; [80, 70, 65, 255])
Tree((452, 632); 20; 20; [45, 112, 3, 255]; [112, 52, 3, 255]; 1)
Tree((589, 670); 20; 20; [45, 112, 3, 255]; [112, 52, 3, 255]; 1)
Hill((441, 784); 5; 5; [15, 112, 26, 255])
Tree((565, 777); 20; 20; [45, 112, 3, 255]; [112, 52, 3, 255]; 1)
Tree((597, 637); 20; 20; [45, 112, 3, 255]; [112, 52, 3, 255]; 1)
Tree((478, 710); 20; 20; [45, 112, 3, 255]; [112, 52, 3, 255]; 1)
Mountain((515, 643); 30; 40; [112, 112, 112, 255]; False; [255, 255, 255, 255])
Tree((453, 818); 20; 20; [45, 112, 3, 255]; [112, 52, 3, 255]; 1)
Hill((417, 815); 5; 5; [15, 112, 26, 255])
Mountain((593, 852); 30; 40; [112, 112, 112, 255]; False; [255, 255, 255, 255])
Tree((546, 829); 20; 20; [45, 112, 3, 255]; [112, 52, 3, 255]; 1)
Mountain((460, 843); 30; 40; [112, 112, 112, 255]; False; [255, 255, 255, 255])
Tree((480, 828); 20; 20; [45, 112, 3, 255]; [112, 52, 3, 255]; 1)
Tree((521, 826); 20; 20; [45, 112, 3, 255]; [112, 52, 3, 255]; 1)
Tree((776, 164); 10; 20; [30, 85, 25, 255]; [95, 60, 0, 255]; 2)
Mountain((775, 90); 30; 40; [112, 112, 112, 255]; True; [255, 255, 255, 255])
Mountain((694, 42); 30; 40; [112, 112, 112, 255]; True; [255, 255, 255, 255])
Mountain((712, 102); 30; 40; [112, 112, 112, 255]; True; [255, 255, 255, 255])
Mountain((813, 58); 30; 40; [112, 112, 112, 255]; True; [255, 255, 255, 255])
Tree((641, 116); 10; 20; [30, 85, 25, 255]; [95, 60, 0, 255]; 2)
Tree((768, 126); 10; 20; [30, 85, 25, 255]; [95, 60, 0, 255]; 2)
Mountain((650, 52); 30; 40; [112, 112, 112, 255]; True; [255, 255, 255, 255])
Tree((702, 130); 10; 20; [30, 85, 25, 255]; [95, 60, 0, 255]; 2)
Mountain((742, 15); 30; 40; [112, 112, 112, 255]; True; [255, 255, 255, 255])
Tree((688, 80); 10; 20; [30, 85, 25, 255]; [95, 60, 0, 255]; 2)
Mountain((687, 172); 30; 40; [112, 112, 112, 255]; True; [255, 255, 255, 255])
Mountain((651, 167); 30; 40; [112, 112, 112, 255]; True; [255, 255, 255, 255])
Mountain((772, 27); 30; 40; [112, 112, 112, 255]; True; [255, 255, 255, 255])
Mountain((811, 153); 30; 40; [112, 112, 112, 255]; True; [255, 255, 255, 255])
Tree((727, 182); 10; 20; [30, 85, 25, 255]; [95, 60, 0, 255]; 2)
Tree((606, 173); 10; 20; [30, 85, 25, 255]; [95, 60, 0, 255]; 2)
Mountain((669, 100); 30; 40; [112, 112, 112, 255]; True; [255, 255, 255, 255])
Tree((638, 19); 10; 20; [30, 85, 25, 255]; [95, 60, 0, 255]; 2)
Tree((787, 169); 10; 20; [30, 85, 25, 255]; [95, 60, 0, 255]; 2)
Tree((799, 173); 10; 20; [30, 85, 25, 255]; [95, 60, 0, 255]; 2)
Tree((745, 180); 10; 20; [30, 85, 25, 255]; [95, 60, 0, 255]; 2)
Tree((629, 140); 10; 20; [30, 85, 25, 255]; [95, 60, 0, 255]; 2)
Tree((623, 62); 10; 20; [30, 85, 25, 255]; [95, 60, 0, 255]; 2)
Tree((677, 63); 10; 20; [30, 85, 25, 255]; [95, 60, 0, 255]; 2)
Mountain((672, 316); 30; 40; [112, 112, 112, 255]; True; [255, 255, 255, 255])
Mountain((767, 318); 30; 40; [112, 112, 112, 255]; True; [255, 255, 255, 255])
Mountain((645, 241); 30; 40; [112, 112, 112, 255]; True; [255, 255, 255, 255])
Tree((794, 264); 10; 20; [30, 85, 25, 255]; [95, 60, 0, 255]; 2)
Tree((645, 396); 10; 20; [30, 85, 25, 255]; [95, 60, 0, 255]; 2)
Tree((665, 287); 10; 20; [30, 85, 25, 255]; [95, 60, 0, 255]; 2)
Mountain((730, 398); 30; 40; [112, 112, 112, 255]; True; [255, 255, 255, 255])
Tree((695, 380); 10; 20; [30, 85, 25, 255]; [95, 60, 0, 255]; 2)
Tree((724, 287); 10; 20; [30, 85, 25, 255]; [95, 60, 0, 255]; 2)
Tree((623, 372); 10; 20; [30, 85, 25, 255]; [95, 60, 0, 255]; 2)
Mountain((637, 300); 30; 40; [112, 112, 112, 255]; True; [255, 255, 255, 255])
Tree((632, 384); 10; 20; [30, 85, 25, 255]; [95, 60, 0, 255]; 2)
Mountain((768, 208); 30; 40; [112, 112, 112, 255]; True; [255, 255, 255, 255])
Tree((769, 390); 20; 20; [45, 112, 3, 255]; [112, 52, 3, 255]; 1)
Tree((672, 393); 10; 20; [30, 85, 25, 255]; [95, 60, 0, 255]; 2)
House((754, 384); 10; 10; [200, 112, 70, 255]; [112, 70, 40, 255]; [80, 70, 65, 255])
Tree((686, 221); 10; 20; [30, 85, 25, 255]; [95, 60, 0, 255]; 2)
Tree((683, 390); 10; 20; [30, 85, 25, 255]; [95, 60, 0, 255]; 2)
Tree((745, 301); 10; 20; [30, 85, 25, 255]; [95, 60, 0, 255]; 2)
Mountain((624, 209); 30; 40; [112, 112, 112, 255]; True; [255, 255, 255, 255])
Tree((643, 347); 10; 20; [30, 85, 25, 255]; [95, 60, 0, 255]; 2)
Mountain((734, 342); 30; 40; [112, 112, 112, 255]; True; [255, 255, 255, 255])
Mountain((761, 273); 30; 40; [112, 112, 112, 255]; True; [255, 255, 255, 255])
Tree((808, 386); 20; 20; [45, 112, 3, 255]; [112, 52, 3, 255]; 1)
Tree((738, 262); 10; 20; [30, 85, 25, 255]; [95, 60, 0, 255]; 2)
Tree((633, 268); 10; 20; [30, 85, 25, 255]; [95, 60, 0, 255]; 2)
Tree((746, 207); 10; 20; [30, 85, 25, 255]; [95, 60, 0, 255]; 2)
Tree((714, 348); 10; 20; [30, 85, 25, 255]; [95, 60, 0, 255]; 2)
Mountain((664, 210); 30; 40; [112, 112, 112, 255]; True; [255, 255, 255, 255])
Tree((717, 310); 10; 20; [30, 85, 25, 255]; [95, 60, 0, 255]; 2)
Tree((607, 219); 10; 20; [30, 85, 25, 255]; [95, 60, 0, 255]; 2)
Mountain((703, 266); 30; 40; [112, 112, 112, 255]; True; [255, 255, 255, 255])
Tree((719, 459); 10; 20; [30, 85, 25, 255]; [95, 60, 0, 255]; 2)
Tree((691, 526); 10; 20; [30, 85, 25, 255]; [95, 60, 0, 255]; 2)
Tree((688, 460); 10; 20; [30, 85, 25, 255]; [95, 60, 0, 255]; 2)
Tree((681, 548); 10; 20; [30, 85, 25, 255]; [95, 60, 0, 255]; 2)
Tree((667, 443); 10; 20; [30, 85, 25, 255]; [95, 60, 0, 255]; 2)
Tree((712, 499); 10; 20; [30, 85, 25, 255]; [95, 60, 0, 255]; 2)
Tree((694, 475); 10; 20; [30, 85, 25, 255]; [95, 60, 0, 255]; 2)
House((728, 560); 10; 10; [200, 112, 70, 255]; [112, 70, 40, 255]; [80, 70, 65, 255])
House((803, 471); 10; 10; [200, 112, 70, 255]; [112, 70, 40, 255]; [80, 70, 65, 255])
Tree((708, 581); 10; 20; [30, 85, 25, 255]; [95, 60, 0, 255]; 2)
Tree((766, 565); 10; 20; [30, 85, 25, 255]; [95, 60, 0, 255]; 2)
Mountain((745, 456); 30; 40; [112, 112, 112, 255]; True; [255, 255, 255, 255])
Tree((678, 509); 10; 20; [30, 85, 25, 255]; [95, 60, 0, 255]; 2)
Tree((625, 407); 10; 20; [30, 85, 25, 255]; [95, 60, 0, 255]; 2)
Tree((789, 406); 20; 20; [45, 112, 3, 255]; [112, 52, 3, 255]; 1)
House((776, 447); 10; 10; [200, 112, 70, 255]; [112, 70, 40, 255]; [80, 70, 65, 255])
Tree((760, 424); 20; 20; [45, 112, 3, 255]; [112, 52, 3, 255]; 1)
Tree((682, 431); 10; 20; [30, 85, 25, 255]; [95, 60, 0, 255]; 2)
Tree((799, 583); 10; 20; [30, 85, 25, 255]; [95, 60, 0, 255]; 2)
Tree((688, 491); 10; 20; [30, 85, 25, 255]; [95, 60, 0, 255]; 2)
House((752, 563); 10; 10; [200, 112, 70, 255]; [112, 70, 40, 255]; [80, 70, 65, 255])
House((799, 449); 10; 10; [200, 112, 70, 255]; [112, 70, 40, 255]; [80, 70, 65, 255])
Tree((733, 486); 10; 20; [30, 85, 25, 255]; [95, 60, 0, 255]; 2)
Mountain((655, 468); 30; 40; [112, 112, 112, 255]; True; [255, 255, 255, 255])
House((783, 567); 10; 10; [200, 112, 70, 255]; [112, 70, 40, 255]; [80, 70, 65, 255])
House((777, 520); 10; 10; [200, 112, 70, 255]; [112, 70, 40, 255]; [80, 70, 65, 255])
House((776, 426); 10; 10; [200, 112, 70, 255]; [112, 70, 40, 255]; [80, 70, 65, 255])
House((791, 436); 10; 10; [200, 112, 70, 255]; [112, 70, 40, 255]; [80, 70, 65, 255])
Tree((735, 582); 10; 20; [30, 85, 25, 255]; [95, 60, 0, 255]; 2)
House((800, 521); 10; 10; [200, 112, 70, 255]; [112, 70, 40, 255]; [80, 70, 65, 255])
Tree((784, 539); 10; 20; [30, 85, 25, 255]; [95, 60, 0, 255]; 2)
House((697, 572); 10; 10; [200, 112, 70, 255]; [112, 70, 40, 255]; [80, 70, 65, 255])
Tree((686, 587); 10; 20; [30, 85, 25, 255]; [95, 60, 0, 255]; 2)
House((761, 535); 10; 10; [200, 112, 70, 255]; [112, 70, 40, 255]; [80, 70, 65, 255])
Tree((686, 411); 10; 20; [30, 85, 25, 255]; [95, 60, 0, 255]; 2)
Tree((791, 464); 20; 20; [45, 112, 3, 255]; [112, 52, 3, 255]; 1)
Tree((800, 548); 10; 20; [30, 85, 25, 255]; [95, 60, 0, 255]; 2)
Tree((635, 422); 10; 20; [30, 85, 25, 255]; [95, 60, 0, 255]; 2)
Mountain((632, 447); 30; 40; [112, 112, 112, 255]; True; [255, 255, 255, 255])
Mountain((628, 490); 30; 40; [112, 112, 112, 255]; True; [255, 255, 255, 255])
Tree((618, 420); 10; 20; [30, 85, 25, 255]; [95, 60, 0, 255]; 2)
Mountain((655, 557); 30; 40; [112, 112, 112, 255]; True; [255, 255, 255, 255])
House((803, 421); 10; 10; [200, 112, 70, 255]; [112, 70, 40, 255]; [80, 70, 65, 255])
House((748, 585); 10; 10; [200, 112, 70, 255]; [112, 70, 40, 255]; [80, 70, 65, 255])
House((786, 593); 10; 10; [200, 112, 70, 255]; [112, 70, 40, 255]; [80, 70, 65, 255])
Tree((709, 671); 10; 20; [30, 85, 25, 255]; [95, 60, 0, 255]; 2)
House((799, 616); 10; 10; [200, 112, 70, 255]; [112, 70, 40, 255]; [80, 70, 65, 255])
Tree((665, 744); 20; 20; [45, 112, 3, 255]; [112, 52, 3, 255]; 1)
House((725, 684); 10; 10; [200, 112, 70, 255]; [112, 70, 40, 255]; [80, 70, 65, 255])
Mountain((638, 654); 30; 40; [112, 112, 112, 255]; False; [255, 255, 255, 255])
House((746, 610); 10; 10; [200, 112, 70, 255]; [112, 70, 40, 255]; [80, 70, 65, 255])
House((755, 661); 10; 10; [200, 112, 70, 255]; [112, 70, 40, 255]; [80, 70, 65, 255])
Tree((693, 617); 10; 20; [30, 85, 25, 255]; [95, 60, 0, 255]; 2)
House((699, 636); 10; 10; [200, 112, 70, 255]; [112, 70, 40, 255]; [80, 70, 65, 255])
Mountain((707, 708); 30; 40; [112, 112, 112, 255]; False; [255, 255, 255, 255])
House((719, 658); 10; 10; [200, 112, 70, 255]; [112, 70, 40, 255]; [80, 70, 65, 255])
House((711, 633); 10; 10; [200, 112, 70, 255]; [112, 70, 40, 255]; [80, 70, 65, 255])
House((719, 646); 10; 10; [200, 112, 70, 255]; [112, 70, 40, 255]; [80, 70, 65, 255])
Mountain((680, 666); 30; 40; [112, 112, 112, 255]; False; [255, 255, 255, 255])
Tree((642, 745); 20; 20; [45, 112, 3, 255]; [112, 52, 3, 255]; 1)
Tree((756, 631); 10; 20; [30, 85, 25, 255]; [95, 60, 0, 255]; 2)
House((786, 614); 10; 10; [200, 112, 70, 255]; [112, 70, 40, 255]; [80, 70, 65, 255])
Tree((710, 604); 10; 20; [30, 85, 25, 255]; [95, 60, 0, 255]; 2)
House((741, 667); 10; 10; [200, 112, 70, 255]; [112, 70, 40, 255]; [80, 70, 65, 255])
Tree((631, 762); 20; 20; [45, 112, 3, 255]; [112, 52, 3, 255]; 1)
Tree((762, 609); 10; 20; [30, 85, 25, 255]; [95, 60, 0, 255]; 2)
Mountain((661, 617); 30; 40; [112, 112, 112, 255]; False; [255, 255, 255, 255])
Tree((673, 782); 20; 20; [45, 112, 3, 255]; [112, 52, 3, 255]; 1)
House((791, 650); 10; 10; [200, 112, 70, 255]; [112, 70, 40, 255]; [80, 70, 65, 255])
Mountain((627, 783); 30; 40; [112, 112, 112, 255]; False; [255, 255, 255, 255])
House((773, 601); 10; 10; [200, 112, 70, 255]; [112, 70, 40, 255]; [80, 70, 65, 255])
House((775, 638); 10; 10; [200, 112, 70, 255]; [112, 70, 40, 255]; [80, 70, 65, 255])
Tree((761, 669); 10; 20; [30, 85, 25, 255]; [95, 60, 0, 255]; 2)
Tree((720, 606); 10; 20; [30, 85, 25, 255]; [95, 60, 0, 255]; 2)
Mountain((659, 691); 30; 40; [112, 112, 112, 255]; False; [255, 255, 255, 255])
Tree((701, 657); 10; 20; [30, 85, 25, 255]; [95, 60, 0, 255]; 2)
House((723, 670); 10; 10; [200, 112, 70, 255]; [112, 70, 40, 255]; [80, 70, 65, 255])
Tree((676, 850); 20; 20; [45, 112, 3, 255]; [112, 52, 3, 255]; 1)
Tree((624, 831); 20; 20; [45, 112, 3, 255]; [112, 52, 3, 255]; 1)
Mountain((656, 834); 30; 40; [112, 112, 112, 255]; False; [255, 255, 255, 255])
Mountain((691, 813); 30; 40; [112, 112, 112, 255]; False; [255, 255, 255, 255])
Mountain((625, 853); 30; 40; [112, 112, 112, 255]; False; [255, 255, 255, 255])
Tree((650, 803); 20; 20; [45, 112, 3, 255]; [112, 52, 3, 255]; 1)
Tree((827, 185); 10; 20; [30, 85, 25, 255]; [95, 60, 0, 255]; 2)
Tree((947, 176); 10; 20; [30, 85, 25, 255]; [95, 60, 0, 255]; 2)
Hill((960, 195); 5; 5; [15, 112, 26, 255])
Tree((822, 129); 10; 20; [30, 85, 25, 255]; [95, 60, 0, 255]; 2)
Tree((857, 113); 10; 20; [30, 85, 25, 255]; [95, 60, 0, 255]; 2)
Hill((841, 161); 5; 5; [15, 112, 26, 255])
Hill((846, 186); 5; 5; [15, 112, 26, 255])
Hill((887, 177); 5; 5; [15, 112, 26, 255])
Tree((891, 93); 10; 20; [30, 85, 25, 255]; [95, 60, 0, 255]; 2)
Hill((916, 192); 5; 5; [15, 112, 26, 255])
Tree((865, 127); 10; 20; [30, 85, 25, 255]; [95, 60, 0, 255]; 2)
Tree((927, 159); 10; 20; [30, 85, 25, 255]; [95, 60, 0, 255]; 2)
Hill((859, 175); 5; 5; [15, 112, 26, 255])
Mountain((915, 137); 30; 40; [112, 112, 112, 255]; True; [255, 255, 255, 255])
Tree((846, 69); 10; 20; [30, 85, 25, 255]; [95, 60, 0, 255]; 2)
Tree((820, 24); 10; 20; [30, 85, 25, 255]; [95, 60, 0, 255]; 2)
Tree((968, 163); 10; 20; [30, 85, 25, 255]; [95, 60, 0, 255]; 2)
Mountain((879, 144); 30; 40; [112, 112, 112, 255]; True; [255, 255, 255, 255])
Tree((848, 88); 10; 20; [30, 85, 25, 255]; [95, 60, 0, 255]; 2)
Hill((937, 308); 5; 5; [15, 112, 26, 255])
Hill((976, 276); 5; 5; [15, 112, 26, 255])
Hill((988, 324); 5; 5; [15, 112, 26, 255])
Hill((893, 222); 5; 5; [15, 112, 26, 255])
Hill((978, 381); 5; 5; [15, 112, 26, 255])
Hill((1000, 360); 5; 5; [15, 112, 26, 255])
House((924, 400); 10; 10; [200, 112, 70, 255]; [112, 70, 40, 255]; [80, 70, 65, 255])
Hill((1002, 275); 5; 5; [15, 112, 26, 255])
Tree((836, 399); 20; 20; [45, 112, 3, 255]; [112, 52, 3, 255]; 1)
Hill((982, 242); 5; 5; [15, 112, 26, 255])
Hill((984, 259); 5; 5; [15, 112, 26, 255])
Hill((1004, 332); 5; 5; [15, 112, 26, 255])
Hill((981, 337); 5; 5; [15, 112, 26, 255])
Hill((977, 365); 5; 5; [15, 112, 26, 255])
House((856, 391); 10; 10; [200, 112, 70, 255]; [112, 70, 40, 255]; [80, 70, 65, 255])
Hill((924, 257); 5; 5; [15, 112, 26, 255])
House((916, 391); 10; 10; [200, 112, 70, 255]; [112, 70, 40, 255]; [80, 70, 65, 255])
Tree((941, 396); 20; 20; [45, 112, 3, 255]; [112, 52, 3, 255]; 1)
Hill((1000, 342); 5; 5; [15, 112, 26, 255])
Hill((973, 266); 5; 5; [15, 112, 26, 255])
Hill((967, 343); 5; 5; [15, 112, 26, 255])
Hill((944, 246); 5; 5; [15, 112, 26, 255])
Hill((952, 233); 5; 5; [15, 112, 26, 255])
Hill((923, 284); 5; 5; [15, 112, 26, 255])
Tree((872, 390); 20; 20; [45, 112, 3, 255]; [112, 52, 3, 255]; 1)
Hill((905, 236); 5; 5; [15, 112, 26, 255])
Hill((990, 224); 5; 5; [15, 112, 26, 255])
Hill((888, 247); 5; 5; [15, 112, 26, 255])
Hill((994, 318); 5; 5; [15, 112, 26, 255])
Hill((913, 299); 5; 5; [15, 112, 26, 255])
Tree((808, 221); 10; 20; [30, 85, 25, 255]; [95, 60, 0, 255]; 2)
House((822, 387); 10; 10; [200, 112, 70, 255]; [112, 70, 40, 255]; [80, 70, 65, 255])
House((958, 396); 10; 10; [200, 112, 70, 255]; [112, 70, 40, 255]; [80, 70, 65, 255])
Hill((1002, 219); 5; 5; [15, 112, 26, 255])
Hill((956, 299); 5; 5; [15, 112, 26, 255])
Hill((948, 307); 5; 5; [15, 112, 26, 255])
Hill((989, 216); 5; 5; [15, 112, 26, 255])
Hill((981, 270); 5; 5; [15, 112, 26, 255])
Hill((905, 257); 5; 5; [15, 112, 26, 255])
Hill((904, 274); 5; 5; [15, 112, 26, 255])
Hill((890, 229); 5; 5; [15, 112, 26, 255])
Hill((960, 251); 5; 5; [15, 112, 26, 255])
Hill((985, 389); 5; 5; [15, 112, 26, 255])
Hill((954, 318); 5; 5; [15, 112, 26, 255])
Hill((975, 373); 5; 5; [15, 112, 26, 255])
Hill((929, 220); 5; 5; [15, 112, 26, 255])
Hill((935, 213); 5; 5; [15, 112, 26, 255])
Hill((948, 350); 5; 5; [15, 112, 26, 255])
Tree((989, 498); 10; 20; [30, 85, 25, 255]; [95, 60, 0, 255]; 2)
House((863, 524); 10; 10; [200, 112, 70, 255]; [112, 70, 40, 255]; [80, 70, 65, 255])
House((922, 414); 10; 10; [200, 112, 70, 255]; [112, 70, 40, 255]; [80, 70, 65, 255])
House((812, 552); 10; 10; [200, 112, 70, 255]; [112, 70, 40, 255]; [80, 70, 65, 255])
Tree((883, 489); 10; 20; [30, 85, 25, 255]; [95, 60, 0, 255]; 2)
House((827, 511); 10; 10; [200, 112, 70, 255]; [112, 70, 40, 255]; [80, 70, 65, 255])
House((864, 410); 10; 10; [200, 112, 70, 255]; [112, 70, 40, 255]; [80, 70, 65, 255])
House((855, 405); 10; 10; [200, 112, 70, 255]; [112, 70, 40, 255]; [80, 70, 65, 255])
House((812, 581); 10; 10; [200, 112, 70, 255]; [112, 70, 40, 255]; [80, 70, 65, 255])
Tree((822, 562); 10; 20; [30, 85, 25, 255]; [95, 60, 0, 255]; 2)
Tree((846, 472); 20; 20; [45, 112, 3, 255]; [112, 52, 3, 255]; 1)
House((847, 535); 10; 10; [200, 112, 70, 255]; [112, 70, 40, 255]; [80, 70, 65, 255])
Tree((901, 566); 10; 20; [30, 85, 25, 255]; [95, 60, 0, 255]; 2)
Tree((875, 562); 10; 20; [30, 85, 25, 255]; [95, 60, 0, 255]; 2)
House((884, 423); 10; 10; [200, 112, 70, 255]; [112, 70, 40, 255]; [80, 70, 65, 255])
Tree((932, 542); 10; 20; [30, 85, 25, 255]; [95, 60, 0, 255]; 2)
Tree((946, 556); 10; 20; [30, 85, 25, 255]; [95, 60, 0, 255]; 2)
House((867, 442); 10; 10; [200, 112, 70, 255]; [112, 70, 40, 255]; [80, 70, 65, 255])
Tree((837, 582); 10; 20; [30, 85, 25, 255]; [95, 60, 0, 255]; 2)
House((906, 409); 10; 10; [200, 112, 70, 255]; [112, 70, 40, 255]; [80, 70, 65, 255])
Tree((872, 506); 10; 20; [30, 85, 25, 255]; [95, 60, 0, 255]; 2)
Mountain((985, 524); 30; 40; [112, 112, 112, 255]; True; [255, 255, 255, 255])
House((815, 408); 10; 10; [200, 112, 70, 255]; [112, 70, 40, 255]; [80, 70, 65, 255])
Tree((911, 516); 10; 20; [30, 85, 25, 255]; [95, 60, 0, 255]; 2)
Tree((812, 460); 20; 20; [45, 112, 3, 255]; [112, 52, 3, 255]; 1)
Tree((897, 535); 10; 20; [30, 85, 25, 255]; [95, 60, 0, 255]; 2)
Tree((956, 462); 10; 20; [30, 85, 25, 255]; [95, 60, 0, 255]; 2)
Tree((970, 429); 10; 20; [30, 85, 25, 255]; [95, 60, 0, 255]; 2)
House((913, 418); 10; 10; [200, 112, 70, 255]; [112, 70, 40, 255]; [80, 70, 65, 255])
Tree((937, 448); 10; 20; [30, 85, 25, 255]; [95, 60, 0, 255]; 2)
Tree((905, 488); 10; 20; [30, 85, 25, 255]; [95, 60, 0, 255]; 2)
Mountain((1010, 409); 30; 40; [112, 112, 112, 255]; True; [255, 255, 255, 255])
Tree((844, 451); 20; 20; [45, 112, 3, 255]; [112, 52, 3, 255]; 1)
House((874, 415); 10; 10; [200, 112, 70, 255]; [112, 70, 40, 255]; [80, 70, 65, 255])
House((847, 500); 10; 10; [200, 112, 70, 255]; [112, 70, 40, 255]; [80, 70, 65, 255])
House((830, 474); 10; 10; [200, 112, 70, 255]; [112, 70, 40, 255]; [80, 70, 65, 255])
Mountain((956, 518); 30; 40; [112, 112, 112, 255]; True; [255, 255, 255, 255])
House((882, 444); 10; 10; [200, 112, 70, 255]; [112, 70, 40, 255]; [80, 70, 65, 255])
Tree((939, 502); 10; 20; [30, 85, 25, 255]; [95, 60, 0, 255]; 2)
Tree((873, 453); 20; 20; [45, 112, 3, 255]; [112, 52, 3, 255]; 1)
Tree((982, 590); 10; 20; [30, 85, 25, 255]; [95, 60, 0, 255]; 2)
Tree((894, 481); 10; 20; [30, 85, 25, 255]; [95, 60, 0, 255]; 2)
Tree((867, 481); 10; 20; [30, 85, 25, 255]; [95, 60, 0, 255]; 2)
Tree((990, 457); 10; 20; [30, 85, 25, 255]; [95, 60, 0, 255]; 2)
House((858, 596); 10; 10; [200, 112, 70, 255]; [112, 70, 40, 255]; [80, 70, 65, 255])
Mountain((1010, 556); 30; 40; [112, 112, 112, 255]; True; [255, 255, 255, 255])
Tree((820, 520); 10; 20; [30, 85, 25, 255]; [95, 60, 0, 255]; 2)
House((826, 551); 10; 10; [200, 112, 70, 255]; [112, 70, 40, 255]; [80, 70, 65, 255])
Mountain((949, 577); 30; 40; [112, 112, 112, 255]; True; [255, 255, 255, 255])
Tree((833, 432); 20; 20; [45, 112, 3, 255]; [112, 52, 3, 255]; 1)
Tree((985, 419); 10; 20; [30, 85, 25, 255]; [95, 60, 0, 255]; 2)
Tree((927, 455); 10; 20; [30, 85, 25, 255]; [95, 60, 0, 255]; 2)
House((869, 586); 10; 10; [200, 112, 70, 255]; [112, 70, 40, 255]; [80, 70, 65, 255])
Tree((838, 532); 10; 20; [30, 85, 25, 255]; [95, 60, 0, 255]; 2)
Tree((890, 573); 10; 20; [30, 85, 25, 255]; [95, 60, 0, 255]; 2)
Tree((811, 437); 20; 20; [45, 112, 3, 255]; [112, 52, 3, 255]; 1)
Mountain((920, 582); 30; 40; [112, 112, 112, 255]; True; [255, 255, 255, 255])
Tree((897, 503); 10; 20; [30, 85, 25, 255]; [95, 60, 0, 255]; 2)
House((873, 426); 10; 10; [200, 112, 70, 255]; [112, 70, 40, 255]; [80, 70, 65, 255])
Tree((1000, 735); 20; 20; [45, 112, 3, 255]; [112, 52, 3, 255]; 1)
Tree((832, 601); 10; 20; [30, 85, 25, 255]; [95, 60, 0, 255]; 2)
Tree((951, 624); 10; 20; [30, 85, 25, 255]; [95, 60, 0, 255]; 2)
House((820, 611); 10; 10; [200, 112, 70, 255]; [112, 70, 40, 255]; [80, 70, 65, 255])
House((833, 628); 10; 10; [200, 112, 70, 255]; [112, 70, 40, 255]; [80, 70, 65, 255])
Tree((942, 617); 10; 20; [30, 85, 25, 255]; [95, 60, 0, 255]; 2)
Tree((812, 633); 10; 20; [30, 85, 25, 255]; [95, 60, 0, 255]; 2)
House((820, 623); 10; 10; [200, 112, 70, 255]; [112, 70, 40, 255]; [80, 70, 65, 255])
House((806, 605); 10; 10; [200, 112, 70, 255]; [112, 70, 40, 255]; [80, 70, 65, 255])
House((1005, 673); 10; 10; [200, 112, 70, 255]; [112, 70, 40, 255]; [80, 70, 65, 255])
House((1003, 712); 10; 10; [200, 112, 70, 255]; [112, 70, 40, 255]; [80, 70, 65, 255])
Mountain((995, 630); 30; 40; [112, 112, 112, 255]; True; [255, 255, 255, 255])
House((1003, 831); 10; 10; [200, 112, 70, 255]; [112, 70, 40, 255]; [80, 70, 65, 255])
Tree((1174, 75); 10; 20; [30, 85, 25, 255]; [95, 60, 0, 255]; 2)
Tree((1134, 16); 10; 20; [30, 85, 25, 255]; [95, 60, 0, 255]; 2)
Mountain((1154, 162); 30; 40; [112, 112, 112, 255]; True; [255, 255, 255, 255])
Tree((1184, 62); 10; 20; [30, 85, 25, 255]; [95, 60, 0, 255]; 2)
Tree((1113, 43); 10; 20; [30, 85, 25, 255]; [95, 60, 0, 255]; 2)
Tree((1156, 80); 10; 20; [30, 85, 25, 255]; [95, 60, 0, 255]; 2)
Mountain((1199, 158); 30; 40; [112, 112, 112, 255]; True; [255, 255, 255, 255])
Tree((1094, 52); 10; 20; [30, 85, 25, 255]; [95, 60, 0, 255]; 2)
Tree((1156, 138); 10; 20; [30, 85, 25, 255]; [95, 60, 0, 255]; 2)
Mountain((1111, 159); 30; 40; [112, 112, 112, 255]; True; [255, 255, 255, 255])
Tree((1205, 103); 10; 20; [30, 85, 25, 255]; [95, 60, 0, 255]; 2)
Mountain((1148, 47); 30; 40; [112, 112, 112, 255]; True; [255, 255, 255, 255])
Mountain((1178, 184); 30; 40; [112, 112, 112, 255]; True; [255, 255, 255, 255])
Tree((1172, 124); 10; 20; [30, 85, 25, 255]; [95, 60, 0, 255]; 2)
Tree((1107, 25); 10; 20; [30, 85, 25, 255]; [95, 60, 0, 255]; 2)
Mountain((1146, 107); 30; 40; [112, 112, 112, 255]; True; [255, 255, 255, 255])
Mountain((1115, 102); 30; 40; [112, 112, 112, 255]; True; [255, 255, 255, 255])
Mountain((1197, 26); 30; 40; [112, 112, 112, 255]; True; [255, 255, 255, 255])
Hill((1076, 305); 5; 5; [15, 112, 26, 255])
Tree((1191, 279); 10; 20; [30, 85, 25, 255]; [95, 60, 0, 255]; 2)
Hill((1033, 321); 5; 5; [15, 112, 26, 255])
Tree((1164, 273); 10; 20; [30, 85, 25, 255]; [95, 60, 0, 255]; 2)
Hill((1024, 351); 5; 5; [15, 112, 26, 255])
Hill((1049, 303); 5; 5; [15, 112, 26, 255])
Hill((1108, 328); 5; 5; [15, 112, 26, 255])
Hill((1045, 280); 5; 5; [15, 112, 26, 255])
Hill((1040, 261); 5; 5; [15, 112, 26, 255])
Hill((1052, 365); 5; 5; [15, 112, 26, 255])
Hill((1093, 336); 5; 5; [15, 112, 26, 255])
Hill((1014, 246); 5; 5; [15, 112, 26, 255])
Mountain((1171, 307); 30; 40; [112, 112, 112, 255]; True; [255, 255, 255, 255])
Hill((1131, 310); 5; 5; [15, 112, 26, 255])
Hill((1065, 266); 5; 5; [15, 112, 26, 255])
Hill((1021, 348); 5; 5; [15, 112, 26, 255])
Mountain((1145, 271); 30; 40; [112, 112, 112, 255]; True; [255, 255, 255, 255])
Mountain((1197, 218); 30; 40; [112, 112, 112, 255]; True; [255, 255, 255, 255])
Hill((1016, 288); 5; 5; [15, 112, 26, 255])
Tree((1190, 253); 10; 20; [30, 85, 25, 255]; [95, 60, 0, 255]; 2)
Hill((1093, 325); 5; 5; [15, 112, 26, 255])
Mountain((1101, 273); 30; 40; [112, 112, 112, 255]; True; [255, 255, 255, 255])
Hill((1047, 370); 5; 5; [15, 112, 26, 255])
Mountain((1159, 225); 30; 40; [112, 112, 112, 255]; True; [255, 255, 255, 255])
Hill((1060, 306); 5; 5; [15, 112, 26, 255])
Tree((1126, 218); 10; 20; [30, 85, 25, 255]; [95, 60, 0, 255]; 2)
Tree((1200, 297); 10; 20; [30, 85, 25, 255]; [95, 60, 0, 255]; 2)
Tree((1145, 202); 10; 20; [30, 85, 25, 255]; [95, 60, 0, 255]; 2)
Tree((1068, 240); 10; 20; [30, 85, 25, 255]; [95, 60, 0, 255]; 2)
Hill((1056, 368); 5; 5; [15, 112, 26, 255])
Hill((1012, 295); 5; 5; [15, 112, 26, 255])
Hill((1023, 361); 5; 5; [15, 112, 26, 255])
Hill((1008, 388); 5; 5; [15, 112, 26, 255])
Tree((1135, 235); 10; 20; [30, 85, 25, 255]; [95, 60, 0, 255]; 2)
Tree((1048, 235); 10; 20; [30, 85, 25, 255]; [95, 60, 0, 255]; 2)
Hill((1021, 326); 5; 5; [15, 112, 26, 255])
Tree((1109, 581); 20; 20; [45, 112, 3, 255]; [112, 52, 3, 255]; 1)
Mountain((1211, 567); 30; 40; [112, 112, 112, 255]; True; [255, 255, 255, 255])
House((1072, 600); 10; 10; [200, 112, 70, 255]; [112, 70, 40, 255]; [80, 70, 65, 255])
Tree((1127, 597); 20; 20; [45, 112, 3, 255]; [112, 52, 3, 255]; 1)
Tree((1026, 458); 10; 20; [30, 85, 25, 255]; [95, 60, 0, 255]; 2)
Mountain((1030, 482); 30; 40; [112, 112, 112, 255]; True; [255, 255, 255, 255])
House((1185, 593); 10; 10; [200, 112, 70, 255]; [112, 70, 40, 255]; [80, 70, 65, 255])
House((1159, 582); 10; 10; [200, 112, 70, 255]; [112, 70, 40, 255]; [80, 70, 65, 255])
House((1164, 568); 10; 10; [200, 112, 70, 255]; [112, 70, 40, 255]; [80, 70, 65, 255])
Tree((1144, 587); 20; 20; [45, 112, 3, 255]; [112, 52, 3, 255]; 1)
Mountain((1208, 478); 30; 40; [112, 112, 112, 255]; True; [255, 255, 255, 255])
Tree((1202, 422); 10; 20; [30, 85, 25, 255]; [95, 60, 0, 255]; 2)
House((1171, 587); 10; 10; [200, 112, 70, 255]; [112, 70, 40, 255]; [80, 70, 65, 255])
Mountain((1050, 559); 30; 40; [112, 112, 112, 255]; True; [255, 255, 255, 255])
Tree((1007, 502); 10; 20; [30, 85, 25, 255]; [95, 60, 0, 255]; 2)
Tree((1088, 595); 20; 20; [45, 112, 3, 255]; [112, 52, 3, 255]; 1)
Tree((1017, 510); 10; 20; [30, 85, 25, 255]; [95, 60, 0, 255]; 2)
Tree((1133, 744); 20; 20; [45, 112, 3, 255]; [112, 52, 3, 255]; 1)
House((1065, 761); 10; 10; [200, 112, 70, 255]; [112, 70, 40, 255]; [80, 70, 65, 255])
House((1097, 634); 10; 10; [200, 112, 70, 255]; [112, 70, 40, 255]; [80, 70, 65, 255])
House((1060, 624); 10; 10; [200, 112, 70, 255]; [112, 70, 40, 255]; [80, 70, 65, 255])
Tree((1026, 788); 20; 20; [45, 112, 3, 255]; [112, 52, 3, 255]; 1)
Tree((1104, 670); 20; 20; [45, 112, 3, 255]; [112, 52, 3, 255]; 1)
House((1176, 655); 10; 10; [200, 112, 70, 255]; [112, 70, 40, 255]; [80, 70, 65, 255])
House((1016, 654); 10; 10; [200, 112, 70, 255]; [112, 70, 40, 255]; [80, 70, 65, 255])
Tree((1182, 664); 20; 20; [45, 112, 3, 255]; [112, 52, 3, 255]; 1)
Tree((1031, 612); 10; 20; [30, 85, 25, 255]; [95, 60, 0, 255]; 2)
House((1043, 657); 10; 10; [200, 112, 70, 255]; [112, 70, 40, 255]; [80, 70, 65, 255])
Tree((1118, 650); 20; 20; [45, 112, 3, 255]; [112, 52, 3, 255]; 1)
House((1186, 625); 10; 10; [200, 112, 70, 255]; [112, 70, 40, 255]; [80, 70, 65, 255])
Tree((1116, 685); 20; 20; [45, 112, 3, 255]; [112, 52, 3, 255]; 1)
House((1022, 687); 10; 10; [200, 112, 70, 255]; [112, 70, 40, 255]; [80, 70, 65, 255])
House((1071, 639); 10; 10; [200, 112, 70, 255]; [112, 70, 40, 255]; [80, 70, 65, 255])
House((1159, 720); 10; 10; [200, 112, 70, 255]; [112, 70, 40, 255]; [80, 70, 65, 255])
Tree((1135, 674); 20; 20; [45, 112, 3, 255]; [112, 52, 3, 255]; 1)
House((1155, 786); 10; 10; [200, 112, 70, 255]; [112, 70, 40, 255]; [80, 70, 65, 255])
Tree((1081, 700); 20; 20; [45, 112, 3, 255]; [112, 52, 3, 255]; 1)
House((1175, 768); 10; 10; [200, 112, 70, 255]; [112, 70, 40, 255]; [80, 70, 65, 255])
House((1072, 783); 10; 10; [200, 112, 70, 255]; [112, 70, 40, 255]; [80, 70, 65, 255])
Tree((1080, 621); 20; 20; [45, 112, 3, 255]; [112, 52, 3, 255]; 1)
House((1156, 736); 10; 10; [200, 112, 70, 255]; [112, 70, 40, 255]; [80, 70, 65, 255])
House((1101, 761); 10; 10; [200, 112, 70, 255]; [112, 70, 40, 255]; [80, 70, 65, 255])
Tree((1201, 769); 20; 20; [45, 112, 3, 255]; [112, 52, 3, 255]; 1)
House((1013, 760); 10; 10; [200, 112, 70, 255]; [112, 70, 40, 255]; [80, 70, 65, 255])
House((1044, 779); 10; 10; [200, 112, 70, 255]; [112, 70, 40, 255]; [80, 70, 65, 255])
Tree((1168, 750); 20; 20; [45, 112, 3, 255]; [112, 52, 3, 255]; 1)
Tree((1062, 730); 20; 20; [45, 112, 3, 255]; [112, 52, 3, 255]; 1)
House((1178, 606); 10; 10; [200, 112, 70, 255]; [112, 70, 40, 255]; [80, 70, 65, 255])
House((1113, 605); 10; 10; [200, 112, 70, 255]; [112, 70, 40, 255]; [80, 70, 65, 255])
House((1183, 729); 10; 10; [200, 112, 70, 255]; [112, 70, 40, 255]; [80, 70, 65, 255])
Tree((1208, 618); 20; 20; [45, 112, 3, 255]; [112, 52, 3, 255]; 1)
Tree((1062, 703); 20; 20; [45, 112, 3, 255]; [112, 52, 3, 255]; 1)
Tree((1072, 670); 20; 20; [45, 112, 3, 255]; [112, 52, 3, 255]; 1)
House((1114, 794); 10; 10; [200, 112, 70, 255]; [112, 70, 40, 255]; [80, 70, 65, 255])
House((1115, 712); 10; 10; [200, 112, 70, 255]; [112, 70, 40, 255]; [80, 70, 65, 255])
Tree((1209, 814); 20; 20; [45, 112, 3, 255]; [112, 52, 3, 255]; 1)
Tree((1184, 815); 20; 20; [45, 112, 3, 255]; [112, 52, 3, 255]; 1)
Tree((1111, 828); 20; 20; [45, 112, 3, 255]; [112, 52, 3, 255]; 1)
House((1203, 848); 10; 10; [200, 112, 70, 255]; [112, 70, 40, 255]; [80, 70, 65, 255])
House((1050, 821); 10; 10; [200, 112, 70, 255]; [112, 70, 40, 255]; [80, 70, 65, 255])
House((1189, 849); 10; 10; [200, 112, 70, 255]; [112, 70, 40, 255]; [80, 70, 65, 255])
House((1071, 812); 10; 10; [200, 112, 70, 255]; [112, 70, 40, 255]; [80, 70, 65, 255])
Tree((1154, 803); 20; 20; [45, 112, 3, 255]; [112, 52, 3, 255]; 1)
House((1038, 805); 10; 10; [200, 112, 70, 255]; [112, 70, 40, 255]; [80, 70, 65, 255])
House((1174, 804); 10; 10; [200, 112, 70, 255]; [112, 70, 40, 255]; [80, 70, 65, 255])
House((1170, 843); 10; 10; [200, 112, 70, 255]; [112, 70, 40, 255]; [80, 70, 65, 255])
Tree((1075, 844); 20; 20; [45, 112, 3, 255]; [112, 52, 3, 255]; 1)
House((1054, 854); 10; 10; [200, 112, 70, 255]; [112, 70, 40, 255]; [80, 70, 65, 255])
Tree((1129, 834); 20; 20; [45, 112, 3, 255]; [112, 52, 3, 255]; 1)
Tree((1374, 192); 20; 20; [45, 112, 3, 255]; [112, 52, 3, 255]; 1)
Tree((1256, 53); 20; 20; [45, 112, 3, 255]; [112, 52, 3, 255]; 1)
Tree((1264, 199); 10; 20; [30, 85, 25, 255]; [95, 60, 0, 255]; 2)
Tree((1275, 151); 20; 20; [45, 112, 3, 255]; [112, 52, 3, 255]; 1)
Tree((1255, 27); 20; 20; [45, 112, 3, 255]; [112, 52, 3, 255]; 1)
Tree((1235, 151); 10; 20; [30, 85, 25, 255]; [95, 60, 0, 255]; 2)
Tree((1326, 7); 20; 20; [45, 112, 3, 255]; [112, 52, 3, 255]; 1)
Tree((1267, 120); 20; 20; [45, 112, 3, 255]; [112, 52, 3, 255]; 1)
Tree((1336, 113); 20; 20; [45, 112, 3, 255]; [112, 52, 3, 255]; 1)
Mountain((1222, 82); 30; 40; [112, 112, 112, 255]; True; [255, 255, 255, 255])
Tree((1366, 54); 20; 20; [45, 112, 3, 255]; [112, 52, 3, 255]; 1)
Tree((1308, 137); 20; 20; [45, 112, 3, 255]; [112, 52, 3, 255]; 1)
Mountain((1292, 72); 30; 40; [112, 112, 112, 255]; False; [255, 255, 255, 255])
Tree((1225, 170); 10; 20; [30, 85, 25, 255]; [95, 60, 0, 255]; 2)
Mountain((1347, 149); 30; 40; [112, 112, 112, 255]; False; [255, 255, 255, 255])
Mountain((1230, 197); 30; 40; [112, 112, 112, 255]; True; [255, 255, 255, 255])
Tree((1218, 139); 10; 20; [30, 85, 25, 255]; [95, 60, 0, 255]; 2)
Mountain((1322, 45); 30; 40; [112, 112, 112, 255]; False; [255, 255, 255, 255])
Tree((1263, 166); 10; 20; [30, 85, 25, 255]; [95, 60, 0, 255]; 2)
Tree((1345, 20); 20; 20; [45, 112, 3, 255]; [112, 52, 3, 255]; 1)
Mountain((1299, 24); 30; 40; [112, 112, 112, 255]; False; [255, 255, 255, 255])
Tree((1351, 195); 20; 20; [45, 112, 3, 255]; [112, 52, 3, 255]; 1)
Tree((1301, 176); 20; 20; [45, 112, 3, 255]; [112, 52, 3, 255]; 1)
Tree((1256, 146); 10; 20; [30, 85, 25, 255]; [95, 60, 0, 255]; 2)
Tree((1236, 173); 10; 20; [30, 85, 25, 255]; [95, 60, 0, 255]; 2)
Tree((1238, 7); 20; 20; [45, 112, 3, 255]; [112, 52, 3, 255]; 1)
Tree((1299, 111); 20; 20; [45, 112, 3, 255]; [112, 52, 3, 255]; 1)
Tree((1322, 97); 20; 20; [45, 112, 3, 255]; [112, 52, 3, 255]; 1)
Tree((1406, 2); 20; 20; [45, 112, 3, 255]; [112, 52, 3, 255]; 1)
Tree((1315, 191); 20; 20; [45, 112, 3, 255]; [112, 52, 3, 255]; 1)
Tree((1239, 96); 10; 20; [30, 85, 25, 255]; [95, 60, 0, 255]; 2)
Tree((1355, 106); 20; 20; [45, 112, 3, 255]; [112, 52, 3, 255]; 1)
Mountain((1388, 132); 30; 40; [112, 112, 112, 255]; False; [255, 255, 255, 255])
Tree((1375, 4); 20; 20; [45, 112, 3, 255]; [112, 52, 3, 255]; 1)
Tree((1228, 127); 10; 20; [30, 85, 25, 255]; [95, 60, 0, 255]; 2)
Tree((1210, 150); 10; 20; [30, 85, 25, 255]; [95, 60, 0, 255]; 2)
Mountain((1380, 87); 30; 40; [112, 112, 112, 255]; False; [255, 255, 255, 255])
Tree((1251, 75); 20; 20; [45, 112, 3, 255]; [112, 52, 3, 255]; 1)
Mountain((1396, 33); 30; 40; [112, 112, 112, 255]; False; [255, 255, 255, 255])
Tree((1285, 2); 20; 20; [45, 112, 3, 255]; [112, 52, 3, 255]; 1)
Tree((1290, 141); 20; 20; [45, 112, 3, 255]; [112, 52, 3, 255]; 1)
Mountain((1298, 380); 30; 40; [112, 112, 112, 255]; True; [255, 255, 255, 255])
Mountain((1289, 209); 30; 40; [112, 112, 112, 255]; False; [255, 255, 255, 255])
Mountain((1241, 294); 30; 40; [112, 112, 112, 255]; True; [255, 255, 255, 255])
Mountain((1259, 232); 30; 40; [112, 112, 112, 255]; True; [255, 255, 255, 255])
Tree((1213, 232); 10; 20; [30, 85, 25, 255]; [95, 60, 0, 255]; 2)
Tree((1252, 210); 10; 20; [30, 85, 25, 255]; [95, 60, 0, 255]; 2)
Tree((1213, 340); 10; 20; [30, 85, 25, 255]; [95, 60, 0, 255]; 2)
Tree((1212, 272); 10; 20; [30, 85, 25, 255]; [95, 60, 0, 255]; 2)
Tree((1237, 377); 10; 20; [30, 85, 25, 255]; [95, 60, 0, 255]; 2)
Tree((1270, 287); 10; 20; [30, 85, 25, 255]; [95, 60, 0, 255]; 2)
Tree((1288, 261); 10; 20; [30, 85, 25, 255]; [95, 60, 0, 255]; 2)
Tree((1313, 220); 20; 20; [45, 112, 3, 255]; [112, 52, 3, 255]; 1)
Mountain((1337, 224); 30; 40; [112, 112, 112, 255]; False; [255, 255, 255, 255])
Tree((1212, 369); 10; 20; [30, 85, 25, 255]; [95, 60, 0, 255]; 2)
Tree((1271, 377); 10; 20; [30, 85, 25, 255]; [95, 60, 0, 255]; 2)
Tree((1232, 348); 10; 20; [30, 85, 25, 255]; [95, 60, 0, 255]; 2)
House((1333, 562); 10; 10; [200, 112, 70, 255]; [112, 70, 40, 255]; [80, 70, 65, 255])
Tree((1212, 545); 10; 20; [30, 85, 25, 255]; [95, 60, 0, 255]; 2)
Mountain((1252, 562); 30; 40; [112, 112, 112, 255]; True; [255, 255, 255, 255])
Mountain((1296, 434); 30; 40; [112, 112, 112, 255]; True; [255, 255, 255, 255])
Tree((1329, 457); 10; 20; [30, 85, 25, 255]; [95, 60, 0, 255]; 2)
Mountain((1337, 421); 30; 40; [112, 112, 112, 255]; True; [255, 255, 255, 255])
Tree((1271, 461); 10; 20; [30, 85, 25, 255]; [95, 60, 0, 255]; 2)
Mountain((1308, 485); 30; 40; [112, 112, 112, 255]; True; [255, 255, 255, 255])
Tree((1289, 540); 10; 20; [30, 85, 25, 255]; [95, 60, 0, 255]; 2)
House((1388, 564); 10; 10; [200, 112, 70, 255]; [112, 70, 40, 255]; [80, 70, 65, 255])
Tree((1247, 517); 10; 20; [30, 85, 25, 255]; [95, 60, 0, 255]; 2)
Tree((1364, 511); 20; 20; [45, 112, 3, 255]; [112, 52, 3, 255]; 1)
Tree((1275, 516); 10; 20; [30, 85, 25, 255]; [95, 60, 0, 255]; 2)
Tree((1277, 578); 20; 20; [45, 112, 3, 255]; [112, 52, 3, 255]; 1)
House((1400, 489); 10; 10; [200, 112, 70, 255]; [112, 70, 40, 255]; [80, 70, 65, 255])
House((1403, 576); 10; 10; [200, 112, 70, 255]; [112, 70, 40, 255]; [80, 70, 65, 255])
Tree((1230, 448); 10; 20; [30, 85, 25, 255]; [95, 60, 0, 255]; 2)
Tree((1298, 526); 10; 20; [30, 85, 25, 255]; [95, 60, 0, 255]; 2)
Tree((1364, 599); 20; 20; [45, 112, 3, 255]; [112, 52, 3, 255]; 1)
Mountain((1380, 432); 30; 40; [112, 112, 112, 255]; True; [255, 255, 255, 255])
Tree((1357, 449); 10; 20; [30, 85, 25, 255]; [95, 60, 0, 255]; 2)
House((1384, 479); 10; 10; [200, 112, 70, 255]; [112, 70, 40, 255]; [80, 70, 65, 255])
House((1362, 496); 10; 10; [200, 112, 70, 255]; [112, 70, 40, 255]; [80, 70, 65, 255])
Tree((1278, 541); 10; 20; [30, 85, 25, 255]; [95, 60, 0, 255]; 2)
Tree((1312, 446); 10; 20; [30, 85, 25, 255]; [95, 60, 0, 255]; 2)
Mountain((1256, 446); 30; 40; [112, 112, 112, 255]; True; [255, 255, 255, 255])
Tree((1227, 406); 10; 20; [30, 85, 25, 255]; [95, 60, 0, 255]; 2)
House((1362, 564); 10; 10; [200, 112, 70, 255]; [112, 70, 40, 255]; [80, 70, 65, 255])
Tree((1323, 404); 10; 20; [30, 85, 25, 255]; [95, 60, 0, 255]; 2)
House((1396, 452); 10; 10; [200, 112, 70, 255]; [112, 70, 40, 255]; [80, 70, 65, 255])
Tree((1396, 517); 20; 20; [45, 112, 3, 255]; [112, 52, 3, 255]; 1)
Mountain((1260, 402); 30; 40; [112, 112, 112, 255]; True; [255, 255, 255, 255])
Tree((1245, 498); 10; 20; [30, 85, 25, 255]; [95, 60, 0, 255]; 2)
House((1377, 493); 10; 10; [200, 112, 70, 255]; [112, 70, 40, 255]; [80, 70, 65, 255])
Tree((1268, 600); 20; 20; [45, 112, 3, 255]; [112, 52, 3, 255]; 1)
Tree((1237, 489); 10; 20; [30, 85, 25, 255]; [95, 60, 0, 255]; 2)
Tree((1348, 476); 10; 20; [30, 85, 25, 255]; [95, 60, 0, 255]; 2)
House((1341, 597); 10; 10; [200, 112, 70, 255]; [112, 70, 40, 255]; [80, 70, 65, 255])
House((1346, 545); 10; 10; [200, 112, 70, 255]; [112, 70, 40, 255]; [80, 70, 65, 255])
Tree((1230, 520); 10; 20; [30, 85, 25, 255]; [95, 60, 0, 255]; 2)
Tree((1375, 552); 20; 20; [45, 112, 3, 255]; [112, 52, 3, 255]; 1)
House((1338, 753); 10; 10; [200, 112, 70, 255]; [112, 70, 40, 255]; [80, 70, 65, 255])
House((1333, 606); 10; 10; [200, 112, 70, 255]; [112, 70, 40, 255]; [80, 70, 65, 255])
Tree((1405, 789); 20; 20; [45, 112, 3, 255]; [112, 52, 3, 255]; 1)
House((1214, 761); 10; 10; [200, 112, 70, 255]; [112, 70, 40, 255]; [80, 70, 65, 255])
House((1396, 759); 10; 10; [200, 112, 70, 255]; [112, 70, 40, 255]; [80, 70, 65, 255])
Tree((1286, 731); 20; 20; [45, 112, 3, 255]; [112, 52, 3, 255]; 1)
House((1224, 639); 10; 10; [200, 112, 70, 255]; [112, 70, 40, 255]; [80, 70, 65, 255])
Tree((1334, 691); 20; 20; [45, 112, 3, 255]; [112, 52, 3, 255]; 1)
House((1378, 759); 10; 10; [200, 112, 70, 255]; [112, 70, 40, 255]; [80, 70, 65, 255])
Tree((1262, 700); 20; 20; [45, 112, 3, 255]; [112, 52, 3, 255]; 1)
House((1306, 748); 10; 10; [200, 112, 70, 255]; [112, 70, 40, 255]; [80, 70, 65, 255])
House((1361, 775); 10; 10; [200, 112, 70, 255]; [112, 70, 40, 255]; [80, 70, 65, 255])
Tree((1284, 710); 20; 20; [45, 112, 3, 255]; [112, 52, 3, 255]; 1)
Tree((1257, 657); 20; 20; [45, 112, 3, 255]; [112, 52, 3, 255]; 1)
House((1230, 662); 10; 10; [200, 112, 70, 255]; [112, 70, 40, 255]; [80, 70, 65, 255])
House((1403, 622); 10; 10; [200, 112, 70, 255]; [112, 70, 40, 255]; [80, 70, 65, 255])
House((1333, 730); 10; 10; [200, 112, 70, 255]; [112, 70, 40, 255]; [80, 70, 65, 255])
House((1347, 639); 10; 10; [200, 112, 70, 255]; [112, 70, 40, 255]; [80, 70, 65, 255])
House((1346, 628); 10; 10; [200, 112, 70, 255]; [112, 70, 40, 255]; [80, 70, 65, 255])
Tree((1249, 753); 20; 20; [45, 112, 3, 255]; [112, 52, 3, 255]; 1)
Tree((1387, 652); 20; 20; [45, 112, 3, 255]; [112, 52, 3, 255]; 1)
Tree((1283, 661); 20; 20; [45, 112, 3, 255]; [112, 52, 3, 255]; 1)
Tree((1215, 690); 20; 20; [45, 112, 3, 255]; [112, 52, 3, 255]; 1)
Tree((1219, 601); 20; 20; [45, 112, 3, 255]; [112, 52, 3, 255]; 1)
House((1364, 680); 10; 10; [200, 112, 70, 255]; [112, 70, 40, 255]; [80, 70, 65, 255])
House((1208, 660); 10; 10; [200, 112, 70, 255]; [112, 70, 40, 255]; [80, 70, 65, 255])
House((1375, 716); 10; 10; [200, 112, 70, 255]; [112, 70, 40, 255]; [80, 70, 65, 255])
House((1400, 715); 10; 10; [200, 112, 70, 255]; [112, 70, 40, 255]; [80, 70, 65, 255])
House((1245, 730); 10; 10; [200, 112, 70, 255]; [112, 70, 40, 255]; [80, 70, 65, 255])
House((1235, 734); 10; 10; [200, 112, 70, 255]; [112, 70, 40, 255]; [80, 70, 65, 255])
Tree((1366, 695); 20; 20; [45, 112, 3, 255]; [112, 52, 3, 255]; 1)
Tree((1293, 608); 20; 20; [45, 112, 3, 255]; [112, 52, 3, 255]; 1)
House((1277, 751); 10; 10; [200, 112, 70, 255]; [112, 70, 40, 255]; [80, 70, 65, 255])
Tree((1308, 647); 20; 20; [45, 112, 3, 255]; [112, 52, 3, 255]; 1)
Tree((1395, 696); 20; 20; [45, 112, 3, 255]; [112, 52, 3, 255]; 1)
House((1396, 641); 10; 10; [200, 112, 70, 255]; [112, 70, 40, 255]; [80, 70, 65, 255])
House((1390, 603); 10; 10; [200, 112, 70, 255]; [112, 70, 40, 255]; [80, 70, 65, 255])
House((1246, 682); 10; 10; [200, 112, 70, 255]; [112, 70, 40, 255]; [80, 70, 65, 255])
House((1401, 602); 10; 10; [200, 112, 70, 255]; [112, 70, 40, 255]; [80, 70, 65, 255])
Tree((1308, 720); 20; 20; [45, 112, 3, 255]; [112, 52, 3, 255]; 1)
House((1347, 798); 10; 10; [200, 112, 70, 255]; [112, 70, 40, 255]; [80, 70, 65, 255])
House((1376, 800); 10; 10; [200, 112, 70, 255]; [112, 70, 40, 255]; [80, 70, 65, 255])
House((1290, 773); 10; 10; [200, 112, 70, 255]; [112, 70, 40, 255]; [80, 70, 65, 255])
Tree((1284, 794); 20; 20; [45, 112, 3, 255]; [112, 52, 3, 255]; 1)
House((1309, 759); 10; 10; [200, 112, 70, 255]; [112, 70, 40, 255]; [80, 70, 65, 255])
House((1216, 795); 10; 10; [200, 112, 70, 255]; [112, 70, 40, 255]; [80, 70, 65, 255])
House((1364, 659); 10; 10; [200, 112, 70, 255]; [112, 70, 40, 255]; [80, 70, 65, 255])
House((1321, 826); 10; 10; [200, 112, 70, 255]; [112, 70, 40, 255]; [80, 70, 65, 255])
House((1387, 818); 10; 10; [200, 112, 70, 255]; [112, 70, 40, 255]; [80, 70, 65, 255])
Tree((1245, 802); 20; 20; [45, 112, 3, 255]; [112, 52, 3, 255]; 1)
House((1353, 829); 10; 10; [200, 112, 70, 255]; [112, 70, 40, 255]; [80, 70, 65, 255])
Tree((1328, 843); 20; 20; [45, 112, 3, 255]; [112, 52, 3, 255]; 1)
House((1227, 807); 10; 10; [200, 112, 70, 255]; [112, 70, 40, 255]; [80, 70, 65, 255])
Tree((1363, 852); 20; 20; [45, 112, 3, 255]; [112, 52, 3, 255]; 1)
House((1340, 834); 10; 10; [200, 112, 70, 255]; [112, 70, 40, 255]; [80, 70, 65, 255])
House((1285, 833); 10; 10; [200, 112, 70, 255]; [112, 70, 40, 255]; [80, 70, 65, 255])
House((1264, 807); 10; 10; [200, 112, 70, 255]; [112, 70, 40, 255]; [80, 70, 65, 255])
Tree((1220, 849); 20; 20; [45, 112, 3, 255]; [112, 52, 3, 255]; 1)
Tree((1393, 832); 20; 20; [45, 112, 3, 255]; [112, 52, 3, 255]; 1)
House((1373, 819); 10; 10; [200, 112, 70, 255]; [112, 70, 40, 255]; [80, 70, 65, 255])
House((1266, 818); 10; 10; [200, 112, 70, 255]; [112, 70, 40, 255]; [80, 70, 65, 255])
House((1244, 839); 10; 10; [200, 112, 70, 255]; [112, 70, 40, 255]; [80, 70, 65, 255])
Tree((1283, 854); 20; 20; [45, 112, 3, 255]; [112, 52, 3, 255]; 1)
House((1492, 163); 10; 10; [200, 112, 70, 255]; [112, 70, 40, 255]; [80, 70, 65, 255])
House((1506, 88); 10; 10; [200, 112, 70, 255]; [112, 70, 40, 255]; [80, 70, 65, 255])
House((1515, 118); 10; 10; [200, 112, 70, 255]; [112, 70, 40, 255]; [80, 70, 65, 255])
Tree((1425, 111); 20; 20; [45, 112, 3, 255]; [112, 52, 3, 255]; 1)
House((1544, 86); 10; 10; [200, 112, 70, 255]; [112, 70, 40, 255]; [80, 70, 65, 255])
House((1550, 146); 10; 10; [200, 112, 70, 255]; [112, 70, 40, 255]; [80, 70, 65, 255])
Tree((1599, 194); 20; 20; [45, 112, 3, 255]; [112, 52, 3, 255]; 1)
Tree((1466, 158); 20; 20; [45, 112, 3, 255]; [112, 52, 3, 255]; 1)
House((1473, 185); 10; 10; [200, 112, 70, 255]; [112, 70, 40, 255]; [80, 70, 65, 255])
House((1557, 197); 10; 10; [200, 112, 70, 255]; [112, 70, 40, 255]; [80, 70, 65, 255])
House((1595, 43); 10; 10; [200, 112, 70, 255]; [112, 70, 40, 255]; [80, 70, 65, 255])
Tree((1585, 28); 20; 20; [45, 112, 3, 255]; [112, 52, 3, 255]; 1)
Mountain((1450, 12); 30; 40; [112, 112, 112, 255]; False; [255, 255, 255, 255])
House((1497, 140); 10; 10; [200, 112, 70, 255]; [112, 70, 40, 255]; [80, 70, 65, 255])
Tree((1424, 189); 20; 20; [45, 112, 3, 255]; [112, 52, 3, 255]; 1)
Tree((1544, 192); 20; 20; [45, 112, 3, 255]; [112, 52, 3, 255]; 1)
Hill((1600, 23); 5; 5; [15, 112, 26, 255])
Tree((1534, 171); 20; 20; [45, 112, 3, 255]; [112, 52, 3, 255]; 1)
House((1455, 186); 10; 10; [200, 112, 70, 255]; [112, 70, 40, 255]; [80, 70, 65, 255])
House((1492, 115); 10; 10; [200, 112, 70, 255]; [112, 70, 40, 255]; [80, 70, 65, 255])
Tree((1596, 134); 20; 20; [45, 112, 3, 255]; [112, 52, 3, 255]; 1)
Tree((1572, 75); 20; 20; [45, 112, 3, 255]; [112, 52, 3, 255]; 1)
Tree((1419, 46); 20; 20; [45, 112, 3, 255]; [112, 52, 3, 255]; 1)
House((1568, 43); 10; 10; [200, 112, 70, 255]; [112, 70, 40, 255]; [80, 70, 65, 255])
House((1580, 133); 10; 10; [200, 112, 70, 255]; [112, 70, 40, 255]; [80, 70, 65, 255])
Mountain((1418, 143); 30; 40; [112, 112, 112, 255]; False; [255, 255, 255, 255])
Tree((1538, 60); 20; 20; [45, 112, 3, 255]; [112, 52, 3, 255]; 1)
House((1451, 142); 10; 10; [200, 112, 70, 255]; [112, 70, 40, 255]; [80, 70, 65, 255])
House((1452, 164); 10; 10; [200, 112, 70, 255]; [112, 70, 40, 255]; [80, 70, 65, 255])
Tree((1447, 195); 20; 20; [45, 112, 3, 255]; [112, 52, 3, 255]; 1)
Tree((1559, 129); 20; 20; [45, 112, 3, 255]; [112, 52, 3, 255]; 1)
Tree((1424, 69); 20; 20; [45, 112, 3, 255]; [112, 52, 3, 255]; 1)
Tree((1553, 106); 20; 20; [45, 112, 3, 255]; [112, 52, 3, 255]; 1)
Tree((1503, 102); 20; 20; [45, 112, 3, 255]; [112, 52, 3, 255]; 1)
House((1573, 123); 10; 10; [200, 112, 70, 255]; [112, 70, 40, 255]; [80, 70, 65, 255])
Tree((1476, 1); 20; 20; [45, 112, 3, 255]; [112, 52, 3, 255]; 1)
Tree((1488, 190); 20; 20; [45, 112, 3, 255]; [112, 52, 3, 255]; 1)
House((1510, 172); 10; 10; [200, 112, 70, 255]; [112, 70, 40, 255]; [80, 70, 65, 255])
House((1540, 159); 10; 10; [200, 112, 70, 255]; [112, 70, 40, 255]; [80, 70, 65, 255])
Tree((1450, 74); 20; 20; [45, 112, 3, 255]; [112, 52, 3, 255]; 1)
House((1537, 115); 10; 10; [200, 112, 70, 255]; [112, 70, 40, 255]; [80, 70, 65, 255])
Tree((1528, 147); 20; 20; [45, 112, 3, 255]; [112, 52, 3, 255]; 1)
Tree((1567, 162); 20; 20; [45, 112, 3, 255]; [112, 52, 3, 255]; 1)
House((1474, 141); 10; 10; [200, 112, 70, 255]; [112, 70, 40, 255]; [80, 70, 65, 255])
Tree((1442, 153); 20; 20; [45, 112, 3, 255]; [112, 52, 3, 255]; 1)
Hill((1600, 98); 5; 5; [15, 112, 26, 255])
House((1502, 199); 10; 10; [200, 112, 70, 255]; [112, 70, 40, 255]; [80, 70, 65, 255])
House((1557, 80); 10; 10; [200, 112, 70, 255]; [112, 70, 40, 255]; [80, 70, 65, 255])
Tree((1598, 215); 10; 20; [30, 85, 25, 255]; [95, 60, 0, 255]; 2)
House((1536, 216); 10; 10; [200, 112, 70, 255]; [112, 70, 40, 255]; [80, 70, 65, 255])
Tree((1572, 354); 10; 20; [30, 85, 25, 255]; [95, 60, 0, 255]; 2)
Tree((1591, 314); 10; 20; [30, 85, 25, 255]; [95, 60, 0, 255]; 2)
House((1585, 208); 10; 10; [200, 112, 70, 255]; [112, 70, 40, 255]; [80, 70, 65, 255])
Mountain((1610, 267); 30; 40; [112, 112, 112, 255]; True; [255, 255, 255, 255])
Mountain((1525, 328); 30; 40; [112, 112, 112, 255]; True; [255, 255, 255, 255])
Tree((1549, 245); 10; 20; [30, 85, 25, 255]; [95, 60, 0, 255]; 2)
Tree((1498, 399); 10; 20; [30, 85, 25, 255]; [95, 60, 0, 255]; 2)
Tree((1570, 220); 10; 20; [30, 85, 25, 255]; [95, 60, 0, 255]; 2)
House((1550, 216); 10; 10; [200, 112, 70, 255]; [112, 70, 40, 255]; [80, 70, 65, 255])
Mountain((1532, 384); 30; 40; [112, 112, 112, 255]; True; [255, 255, 255, 255])
Mountain((1599, 385); 30; 40; [112, 112, 112, 255]; True; [255, 255, 255, 255])
Tree((1512, 379); 10; 20; [30, 85, 25, 255]; [95, 60, 0, 255]; 2)
Mountain((1568, 290); 30; 40; [112, 112, 112, 255]; True; [255, 255, 255, 255])
Tree((1587, 252); 10; 20; [30, 85, 25, 255]; [95, 60, 0, 255]; 2)
Mountain((1491, 316); 30; 40; [112, 112, 112, 255]; True; [255, 255, 255, 255])
Tree((1489, 224); 20; 20; [45, 112, 3, 255]; [112, 52, 3, 255]; 1)
Tree((1547, 397); 10; 20; [30, 85, 25, 255]; [95, 60, 0, 255]; 2)
Tree((1564, 329); 10; 20; [30, 85, 25, 255]; [95, 60, 0, 255]; 2)
Mountain((1538, 272); 30; 40; [112, 112, 112, 255]; True; [255, 255, 255, 255])
Tree((1510, 210); 20; 20; [45, 112, 3, 255]; [112, 52, 3, 255]; 1)
Tree((1592, 276); 10; 20; [30, 85, 25, 255]; [95, 60, 0, 255]; 2)
House((1455, 210); 10; 10; [200, 112, 70, 255]; [112, 70, 40, 255]; [80, 70, 65, 255])
Tree((1501, 351); 10; 20; [30, 85, 25, 255]; [95, 60, 0, 255]; 2)
Tree((1561, 435); 10; 20; [30, 85, 25, 255]; [95, 60, 0, 255]; 2)
Tree((1474, 474); 20; 20; [45, 112, 3, 255]; [112, 52, 3, 255]; 1)
Tree((1417, 487); 20; 20; [45, 112, 3, 255]; [112, 52, 3, 255]; 1)
Tree((1500, 458); 20; 20; [45, 112, 3, 255]; [112, 52, 3, 255]; 1)
Tree((1447, 483); 20; 20; [45, 112, 3, 255]; [112, 52, 3, 255]; 1)
House((1457, 597); 10; 10; [200, 112, 70, 255]; [112, 70, 40, 255]; [80, 70, 65, 255])
House((1482, 450); 10; 10; [200, 112, 70, 255]; [112, 70, 40, 255]; [80, 70, 65, 255])
Tree((1434, 580); 20; 20; [45, 112, 3, 255]; [112, 52, 3, 255]; 1)
Mountain((1536, 437); 30; 40; [112, 112, 112, 255]; True; [255, 255, 255, 255])
House((1439, 523); 10; 10; [200, 112, 70, 255]; [112, 70, 40, 255]; [80, 70, 65, 255])
Tree((1509, 431); 10; 20; [30, 85, 25, 255]; [95, 60, 0, 255]; 2)
House((1487, 488); 10; 10; [200, 112, 70, 255]; [112, 70, 40, 255]; [80, 70, 65, 255])
House((1419, 513); 10; 10; [200, 112, 70, 255]; [112, 70, 40, 255]; [80, 70, 65, 255])
Tree((1414, 459); 20; 20; [45, 112, 3, 255]; [112, 52, 3, 255]; 1)
House((1472, 592); 10; 10; [200, 112, 70, 255]; [112, 70, 40, 255]; [80, 70, 65, 255])
House((1411, 681); 10; 10; [200, 112, 70, 255]; [112, 70, 40, 255]; [80, 70, 65, 255])
House((1472, 616); 10; 10; [200, 112, 70, 255]; [112, 70, 40, 255]; [80, 70, 65, 255])
Tree((1454, 658); 20; 20; [45, 112, 3, 255]; [112, 52, 3, 255]; 1)
House((1432, 675); 10; 10; [200, 112, 70, 255]; [112, 70, 40, 255]; [80, 70, 65, 255])
House((1435, 713); 10; 10; [200, 112, 70, 255]; [112, 70, 40, 255]; [80, 70, 65, 255])
House((1411, 606); 10; 10; [200, 112, 70, 255]; [112, 70, 40, 255]; [80, 70, 65, 255])
Tree((1442, 690); 20; 20; [45, 112, 3, 255]; [112, 52, 3, 255]; 1)
House((1440, 737); 10; 10; [200, 112, 70, 255]; [112, 70, 40, 255]; [80, 70, 65, 255])
House((1411, 775); 10; 10; [200, 112, 70, 255]; [112, 70, 40, 255]; [80, 70, 65, 255])
House((1426, 624); 10; 10; [200, 112, 70, 255]; [112, 70, 40, 255]; [80, 70, 65, 255])
House((1426, 795); 10; 10; [200, 112, 70, 255]; [112, 70, 40, 255]; [80, 70, 65, 255])
House((1417, 636); 10; 10; [200, 112, 70, 255]; [112, 70, 40, 255]; [80, 70, 65, 255])
Tree((1414, 658); 20; 20; [45, 112, 3, 255]; [112, 52, 3, 255]; 1)
Tree((1454, 614); 20; 20; [45, 112, 3, 255]; [112, 52, 3, 255]; 1)
House((1440, 665); 10; 10; [200, 112, 70, 255]; [112, 70, 40, 255]; [80, 70, 65, 255])
Tree((1417, 840); 20; 20; [45, 112, 3, 255]; [112, 52, 3, 255]; 1)
Hill((1598, 820); 5; 5; [15, 112, 26, 255])
Hill((1594, 825); 5; 5; [15, 112, 26, 255])
Hill((1741, 158); 5; 5; [15, 112, 26, 255])
Hill((1762, 139); 5; 5; [15, 112, 26, 255])
Hill((1705, 189); 5; 5; [15, 112, 26, 255])
Hill((1750, 199); 5; 5; [15, 112, 26, 255])
Hill((1739, 140); 5; 5; [15, 112, 26, 255])
Hill((1655, 118); 5; 5; [15, 112, 26, 255])
Hill((1668, 49); 5; 5; [15, 112, 26, 255])
Hill((1674, 101); 5; 5; [15, 112, 26, 255])
Hill((1783, 100); 5; 5; [15, 112, 26, 255])
Hill((1694, 177); 5; 5; [15, 112, 26, 255])
Hill((1760, 148); 5; 5; [15, 112, 26, 255])
Hill((1632, 155); 5; 5; [15, 112, 26, 255])
Hill((1620, 145); 5; 5; [15, 112, 26, 255])
Hill((1692, 136); 5; 5; [15, 112, 26, 255])
Hill((1717, 3); 5; 5; [15, 112, 26, 255])
Hill((1730, 50); 5; 5; [15, 112, 26, 255])
Hill((1647, 100); 5; 5; [15, 112, 26, 255])
Hill((1633, 181); 5; 5; [15, 112, 26, 255])
Hill((1633, 109); 5; 5; [15, 112, 26, 255])
Hill((1649, 41); 5; 5; [15, 112, 26, 255])
Hill((1752, 22); 5; 5; [15, 112, 26, 255])
Hill((1643, 160); 5; 5; [15, 112, 26, 255])
Hill((1630, 21); 5; 5; [15, 112, 26, 255])
Hill((1742, 115); 5; 5; [15, 112, 26, 255])
Hill((1656, 122); 5; 5; [15, 112, 26, 255])
Hill((1635, 83); 5; 5; [15, 112, 26, 255])
Hill((1756, 180); 5; 5; [15, 112, 26, 255])
Hill((1790, 170); 5; 5; [15, 112, 26, 255])
Hill((1719, 20); 5; 5; [15, 112, 26, 255])
Hill((1776, 2); 5; 5; [15, 112, 26, 255])
Hill((1633, 166); 5; 5; [15, 112, 26, 255])
Hill((1702, 107); 5; 5; [15, 112, 26, 255])
Hill((1749, 135); 5; 5; [15, 112, 26, 255])
Hill((1710, 66); 5; 5; [15, 112, 26, 255])
Hill((1677, 78); 5; 5; [15, 112, 26, 255])
Hill((1611, 167); 5; 5; [15, 112, 26, 255])
Hill((1665, 152); 5; 5; [15, 112, 26, 255])
Hill((1745, 193); 5; 5; [15, 112, 26, 255])
Hill((1749, 51); 5; 5; [15, 112, 26, 255])
Hill((1754, 91); 5; 5; [15, 112, 26, 255])
Hill((1662, 98); 5; 5; [15, 112, 26, 255])
Hill((1790, 180); 5; 5; [15, 112, 26, 255])
Hill((1795, 47); 5; 5; [15, 112, 26, 255])
Hill((1753, 185); 5; 5; [15, 112, 26, 255])
Hill((1682, 36); 5; 5; [15, 112, 26, 255])
Hill((1776, 73); 5; 5; [15, 112, 26, 255])
Hill((1624, 6); 5; 5; [15, 112, 26, 255])
Hill((1669, 141); 5; 5; [15, 112, 26, 255])
Hill((1709, 114); 5; 5; [15, 112, 26, 255])
Hill((1782, 52); 5; 5; [15, 112, 26, 255])
Hill((1761, 105); 5; 5; [15, 112, 26, 255])
Hill((1753, 170); 5; 5; [15, 112, 26, 255])
Hill((1719, 74); 5; 5; [15, 112, 26, 255])
Hill((1707, 19); 5; 5; [15, 112, 26, 255])
Hill((1690, 48); 5; 5; [15, 112, 26, 255])
Hill((1748, 196); 5; 5; [15, 112, 26, 255])
Hill((1728, 168); 5; 5; [15, 112, 26, 255])
Hill((1646, 109); 5; 5; [15, 112, 26, 255])
Hill((1699, 164); 5; 5; [15, 112, 26, 255])
Hill((1668, 124); 5; 5; [15, 112, 26, 255])
Hill((1678, 198); 5; 5; [15, 112, 26, 255])
Hill((1705, 136); 5; 5; [15, 112, 26, 255])
Hill((1786, 187); 5; 5; [15, 112, 26, 255])
Hill((1734, 20); 5; 5; [15, 112, 26, 255])
Hill((1699, 142); 5; 5; [15, 112, 26, 255])
Hill((1732, 160); 5; 5; [15, 112, 26, 255])
Hill((1720, 30); 5; 5; [15, 112, 26, 255])
Hill((1705, 168); 5; 5; [15, 112, 26, 255])
Hill((1675, 9); 5; 5; [15, 112, 26, 255])
Hill((1722, 184); 5; 5; [15, 112, 26, 255])
Hill((1774, 119); 5; 5; [15, 112, 26, 255])
Hill((1727, 131); 5; 5; [15, 112, 26, 255])
Hill((1717, 159); 5; 5; [15, 112, 26, 255])
Hill((1690, 162); 5; 5; [15, 112, 26, 255])
Hill((1788, 82); 5; 5; [15, 112, 26, 255])
Hill((1717, 93); 5; 5; [15, 112, 26, 255])
Hill((1723, 101); 5; 5; [15, 112, 26, 255])
Hill((1776, 199); 5; 5; [15, 112, 26, 255])
Hill((1750, 29); 5; 5; [15, 112, 26, 255])
Hill((1616, 50); 5; 5; [15, 112, 26, 255])
Hill((1662, 111); 5; 5; [15, 112, 26, 255])
Hill((1755, 38); 5; 5; [15, 112, 26, 255])
Hill((1608, 27); 5; 5; [15, 112, 26, 255])
Hill((1750, 76); 5; 5; [15, 112, 26, 255])
Hill((1780, 6); 5; 5; [15, 112, 26, 255])
Hill((1646, 130); 5; 5; [15, 112, 26, 255])
Hill((1727, 135); 5; 5; [15, 112, 26, 255])
Hill((1616, 70); 5; 5; [15, 112, 26, 255])
Hill((1661, 195); 5; 5; [15, 112, 26, 255])
Hill((1764, 16); 5; 5; [15, 112, 26, 255])
Hill((1783, 37); 5; 5; [15, 112, 26, 255])
Hill((1610, 187); 5; 5; [15, 112, 26, 255])
Hill((1704, 53); 5; 5; [15, 112, 26, 255])
Hill((1622, 129); 5; 5; [15, 112, 26, 255])
Hill((1736, 147); 5; 5; [15, 112, 26, 255])
Hill((1616, 101); 5; 5; [15, 112, 26, 255])
Hill((1792, 382); 5; 5; [15, 112, 26, 255])
Hill((1757, 323); 5; 5; [15, 112, 26, 255])
Tree((1632, 301); 10; 20; [30, 85, 25, 255]; [95, 60, 0, 255]; 2)
Hill((1751, 329); 5; 5; [15, 112, 26, 255])
Hill((1727, 305); 5; 5; [15, 112, 26, 255])
Hill((1713, 291); 5; 5; [15, 112, 26, 255])
Hill((1780, 222); 5; 5; [15, 112, 26, 255])
Hill((1752, 299); 5; 5; [15, 112, 26, 255])
Hill((1681, 293); 5; 5; [15, 112, 26, 255])
Tree((1642, 368); 10; 20; [30, 85, 25, 255]; [95, 60, 0, 255]; 2)
Tree((1686, 349); 10; 20; [30, 85, 25, 255]; [95, 60, 0, 255]; 2)
Tree((1638, 261); 10; 20; [30, 85, 25, 255]; [95, 60, 0, 255]; 2)
Hill((1713, 233); 5; 5; [15, 112, 26, 255])
Hill((1702, 273); 5; 5; [15, 112, 26, 255])
Tree((1700, 334); 10; 20; [30, 85, 25, 255]; [95, 60, 0, 255]; 2)
Tree((1664, 378); 10; 20; [30, 85, 25, 255]; [95, 60, 0, 255]; 2)
Hill((1727, 235); 5; 5; [15, 112, 26, 255])
Hill((1771, 297); 5; 5; [15, 112, 26, 255])
Hill((1726, 324); 5; 5; [15, 112, 26, 255])
Mountain((1669, 312); 30; 40; [112, 112, 112, 255]; True; [255, 255, 255, 255])
Tree((1616, 330); 10; 20; [30, 85, 25, 255]; [95, 60, 0, 255]; 2)
Hill((1675, 228); 5; 5; [15, 112, 26, 255])
Hill((1795, 275); 5; 5; [15, 112, 26, 255])
Tree((1755, 388); 10; 20; [30, 85, 25, 255]; [95, 60, 0, 255]; 2)
Hill((1733, 300); 5; 5; [15, 112, 26, 255])
Hill((1673, 237); 5; 5; [15, 112, 26, 255])
Tree((1625, 322); 10; 20; [30, 85, 25, 255]; [95, 60, 0, 255]; 2)
Hill((1797, 288); 5; 5; [15, 112, 26, 255])
Hill((1729, 317); 5; 5; [15, 112, 26, 255])
Hill((1744, 286); 5; 5; [15, 112, 26, 255])
Hill((1676, 277); 5; 5; [15, 112, 26, 255])
Hill((1667, 261); 5; 5; [15, 112, 26, 255])
Hill((1707, 260); 5; 5; [15, 112, 26, 255])
Hill((1759, 229); 5; 5; [15, 112, 26, 255])
Hill((1653, 260); 5; 5; [15, 112, 26, 255])
Hill((1793, 242); 5; 5; [15, 112, 26, 255])
Hill((1787, 298); 5; 5; [15, 112, 26, 255])
Hill((1787, 324); 5; 5; [15, 112, 26, 255])
Hill((1674, 220); 5; 5; [15, 112, 26, 255])
Hill((1698, 223); 5; 5; [15, 112, 26, 255])
Hill((1791, 265); 5; 5; [15, 112, 26, 255])
Hill((1665, 274); 5; 5; [15, 112, 26, 255])
Tree((1658, 342); 10; 20; [30, 85, 25, 255]; [95, 60, 0, 255]; 2)
Hill((1798, 214); 5; 5; [15, 112, 26, 255])
Hill((1729, 209); 5; 5; [15, 112, 26, 255])
Hill((1764, 317); 5; 5; [15, 112, 26, 255])
Hill((1715, 207); 5; 5; [15, 112, 26, 255])
Hill((1723, 298); 5; 5; [15, 112, 26, 255])
Hill((1712, 238); 5; 5; [15, 112, 26, 255])
Hill((1783, 258); 5; 5; [15, 112, 26, 255])
Hill((1793, 285); 5; 5; [15, 112, 26, 255])
Hill((1772, 375); 5; 5; [15, 112, 26, 255])
Hill((1657, 254); 5; 5; [15, 112, 26, 255])
Tree((1716, 346); 10; 20; [30, 85, 25, 255]; [95, 60, 0, 255]; 2)
Hill((1786, 344); 5; 5; [15, 112, 26, 255])
Hill((1752, 380); 5; 5; [15, 112, 26, 255])
Mountain((1658, 412); 30; 40; [112, 112, 112, 255]; True; [255, 255, 255, 255])
Hill((1790, 550); 5; 5; [15, 112, 26, 255])
Hill((1768, 451); 5; 5; [15, 112, 26, 255])
Mountain((1706, 406); 30; 40; [112, 112, 112, 255]; True; [255, 255, 255, 255])
Hill((1746, 476); 5; 5; [15, 112, 26, 255])
Hill((1761, 537); 5; 5; [15, 112, 26, 255])
Hill((1784, 413); 5; 5; [15, 112, 26, 255])
Tree((1726, 407); 10; 20; [30, 85, 25, 255]; [95, 60, 0, 255]; 2)
Hill((1779, 572); 5; 5; [15, 112, 26, 255])
Tree((1608, 417); 10; 20; [30, 85, 25, 255]; [95, 60, 0, 255]; 2)
Hill((1785, 479); 5; 5; [15, 112, 26, 255])
Hill((1765, 436); 5; 5; [15, 112, 26, 255])
Hill((1769, 465); 5; 5; [15, 112, 26, 255])
Hill((1739, 499); 5; 5; [15, 112, 26, 255])
Tree((1641, 419); 10; 20; [30, 85, 25, 255]; [95, 60, 0, 255]; 2)
Tree((1688, 412); 10; 20; [30, 85, 25, 255]; [95, 60, 0, 255]; 2)
Hill((1716, 546); 5; 5; [15, 112, 26, 255])
Tree((1613, 436); 10; 20; [30, 85, 25, 255]; [95, 60, 0, 255]; 2)
Hill((1749, 471); 5; 5; [15, 112, 26, 255])
Tree((1689, 435); 10; 20; [30, 85, 25, 255]; [95, 60, 0, 255]; 2)
Hill((1707, 596); 5; 5; [15, 112, 26, 255])
Hill((1743, 557); 5; 5; [15, 112, 26, 255])
Hill((1758, 542); 5; 5; [15, 112, 26, 255])
Hill((1789, 593); 5; 5; [15, 112, 26, 255])
Tree((1627, 439); 10; 20; [30, 85, 25, 255]; [95, 60, 0, 255]; 2)
Hill((1719, 598); 5; 5; [15, 112, 26, 255])
Hill((1758, 489); 5; 5; [15, 112, 26, 255])
Hill((1743, 590); 5; 5; [15, 112, 26, 255])
Tree((1618, 409); 10; 20; [30, 85, 25, 255]; [95, 60, 0, 255]; 2)
Hill((1790, 501); 5; 5; [15, 112, 26, 255])
Hill((1785, 561); 5; 5; [15, 112, 26, 255])
Hill((1791, 416); 5; 5; [15, 112, 26, 255])
Hill((1770, 689); 5; 5; [15, 112, 26, 255])
Hill((1742, 735); 5; 5; [15, 112, 26, 255])
Hill((1671, 691); 5; 5; [15, 112, 26, 255])
Hill((1762, 628); 5; 5; [15, 112, 26, 255])
Hill((1663, 699); 5; 5; [15, 112, 26, 255])
Hill((1667, 714); 5; 5; [15, 112, 26, 255])
Hill((1754, 713); 5; 5; [15, 112, 26, 255])
Hill((1711, 688); 5; 5; [15, 112, 26, 255])
Hill((1760, 727); 5; 5; [15, 112, 26, 255])
Hill((1791, 776); 5; 5; [15, 112, 26, 255])
Hill((1698, 617); 5; 5; [15, 112, 26, 255])
Hill((1737, 702); 5; 5; [15, 112, 26, 255])
Hill((1690, 705); 5; 5; [15, 112, 26, 255])
Hill((1795, 715); 5; 5; [15, 112, 26, 255])
Hill((1726, 681); 5; 5; [15, 112, 26, 255])
Hill((1681, 752); 5; 5; [15, 112, 26, 255])
Hill((1719, 660); 5; 5; [15, 112, 26, 255])
Hill((1679, 618); 5; 5; [15, 112, 26, 255])
Hill((1635, 769); 5; 5; [15, 112, 26, 255])
Hill((1770, 610); 5; 5; [15, 112, 26, 255])
Hill((1668, 755); 5; 5; [15, 112, 26, 255])
Hill((1774, 735); 5; 5; [15, 112, 26, 255])
Hill((1770, 620); 5; 5; [15, 112, 26, 255])
Hill((1717, 699); 5; 5; [15, 112, 26, 255])
Hill((1720, 638); 5; 5; [15, 112, 26, 255])
Hill((1739, 686); 5; 5; [15, 112, 26, 255])
Hill((1736, 604); 5; 5; [15, 112, 26, 255])
Hill((1770, 745); 5; 5; [15, 112, 26, 255])
Hill((1668, 669); 5; 5; [15, 112, 26, 255])
Hill((1653, 730); 5; 5; [15, 112, 26, 255])
Hill((1719, 712); 5; 5; [15, 112, 26, 255])
Hill((1788, 656); 5; 5; [15, 112, 26, 255])
Hill((1758, 686); 5; 5; [15, 112, 26, 255])
Hill((1682, 639); 5; 5; [15, 112, 26, 255])
Hill((1725, 685); 5; 5; [15, 112, 26, 255])
Hill((1689, 728); 5; 5; [15, 112, 26, 255])
Hill((1715, 709); 5; 5; [15, 112, 26, 255])
Hill((1729, 734); 5; 5; [15, 112, 26, 255])
Hill((1700, 738); 5; 5; [15, 112, 26, 255])
Hill((1751, 680); 5; 5; [15, 112, 26, 255])
Hill((1659, 676); 5; 5; [15, 112, 26, 255])
Hill((1791, 742); 5; 5; [15, 112, 26, 255])
Hill((1782, 689); 5; 5; [15, 112, 26, 255])
Hill((1683, 710); 5; 5; [15, 112, 26, 255])
Hill((1715, 676); 5; 5; [15, 112, 26, 255])
Hill((1682, 779); 5; 5; [15, 112, 26, 255])
Hill((1796, 780); 5; 5; [15, 112, 26, 255])
Hill((1703, 794); 5; 5; [15, 112, 26, 255])
Hill((1745, 647); 5; 5; [15, 112, 26, 255])
Hill((1793, 785); 5; 5; [15, 112, 26, 255])
Hill((1752, 664); 5; 5; [15, 112, 26, 255])
Hill((1781, 726); 5; 5; [15, 112, 26, 255])
Hill((1771, 717); 5; 5; [15, 112, 26, 255])
Hill((1641, 831); 5; 5; [15, 112, 26, 255])
Hill((1669, 805); 5; 5; [15, 112, 26, 255])
Hill((1630, 853); 5; 5; [15, 112, 26, 255])
Hill((1792, 834); 5; 5; [15, 112, 26, 255])
Hill((1640, 801); 5; 5; [15, 112, 26, 255])
Hill((1628, 818); 5; 5; [15, 112, 26, 255])
Hill((1783, 806); 5; 5; [15, 112, 26, 255])
Hill((1749, 814); 5; 5; [15, 112, 26, 255])
Hill((1646, 853); 5; 5; [15, 112, 26, 255])
Hill((1677, 809); 5; 5; [15, 112, 26, 255])
Hill((1763, 848); 5; 5; [15, 112, 26, 255])
Hill((1758, 821); 5; 5; [15, 112, 26, 255])
Hill((1647, 839); 5; 5; [15, 112, 26, 255])
Hill((1691, 808); 5; 5; [15, 112, 26, 255])
Hill((1675, 816); 5; 5; [15, 112, 26, 255])
Hill((1722, 837); 5; 5; [15, 112, 26, 255])
Hill((1698, 828); 5; 5; [15, 112, 26, 255])
Hill((1668, 834); 5; 5; [15, 112, 26, 255])
