
Hill((61, 6); 3; [15, 112, 26, 255])
Hill((137, 79); 3; [15, 112, 26, 255])
Hill((115, 123); 3; [15, 112, 26, 255])
Hill((111, 148); 3; [15, 112, 26, 255])
Hill((199, 119); 3; [15, 112, 26, 255])
Hill((160, 81); 3; [15, 112, 26, 255])
Hill((58, 45); 3; [15, 112, 26, 255])
Hill((75, 125); 3; [15, 112, 26, 255])
Hill((153, 84); 3; [15, 112, 26, 255])
Hill((54, 131); 3; [15, 112, 26, 255])
Hill((91, 98); 3; [15, 112, 26, 255])
Hill((111, 64); 3; [15, 112, 26, 255])
Hill((27, 52); 3; [15, 112, 26, 255])
Hill((28, 27); 3; [15, 112, 26, 255])
Hill((105, 15); 3; [15, 112, 26, 255])
Hill((17, 121); 3; [15, 112, 26, 255])
Hill((22, 30); 3; [15, 112, 26, 255])
Hill((30, 171); 3; [15, 112, 26, 255])
Hill((52, 104); 3; [15, 112, 26, 255])
Hill((43, 117); 3; [15, 112, 26, 255])
Hill((2, 125); 3; [15, 112, 26, 255])
Hill((34, 133); 3; [15, 112, 26, 255])
Hill((101, 191); 3; [15, 112, 26, 255])
Hill((169, 68); 3; [15, 112, 26, 255])
Hill((103, 128); 3; [15, 112, 26, 255])
Hill((75, 195); 3; [15, 112, 26, 255])
Hill((147, 88); 3; [15, 112, 26, 255])
Hill((180, 69); 3; [15, 112, 26, 255])
Hill((6, 194); 3; [15, 112, 26, 255])
Hill((69, 197); 3; [15, 112, 26, 255])
Hill((156, 142); 3; [15, 112, 26, 255])
Hill((36, 73); 3; [15, 112, 26, 255])
Hill((8, 72); 3; [15, 112, 26, 255])
Hill((191, 33); 3; [15, 112, 26, 255])
Hill((92, 145); 3; [15, 112, 26, 255])
Hill((26, 17); 3; [15, 112, 26, 255])
Hill((11, 77); 3; [15, 112, 26, 255])
Hill((6, 59); 3; [15, 112, 26, 255])
Hill((28, 175); 3; [15, 112, 26, 255])
Hill((93, 30); 3; [15, 112, 26, 255])
Hill((158, 62); 3; [15, 112, 26, 255])
Hill((107, 72); 3; [15, 112, 26, 255])
Hill((6, 131); 3; [15, 112, 26, 255])
Hill((142, 146); 3; [15, 112, 26, 255])
Hill((167, 187); 3; [15, 112, 26, 255])
Hill((168, 150); 3; [15, 112, 26, 255])
Hill((93, 75); 3; [15, 112, 26, 255])
Hill((23, 94); 3; [15, 112, 26, 255])
Hill((112, 99); 3; [15, 112, 26, 255])
Hill((13, 192); 3; [15, 112, 26, 255])
Hill((187, 104); 3; [15, 112, 26, 255])
Hill((146, 121); 3; [15, 112, 26, 255])
Hill((143, 102); 3; [15, 112, 26, 255])
Hill((88, 132); 3; [15, 112, 26, 255])
Hill((3, 92); 3; [15, 112, 26, 255])
Hill((120, 117); 3; [15, 112, 26, 255])
Hill((44, 50); 3; [15, 112, 26, 255])
Hill((58, 196); 3; [15, 112, 26, 255])
Hill((93, 179); 3; [15, 112, 26, 255])
Hill((189, 149); 3; [15, 112, 26, 255])
Hill((132, 50); 3; [15, 112, 26, 255])
Hill((160, 99); 3; [15, 112, 26, 255])
Hill((184, 108); 3; [15, 112, 26, 255])
Hill((105, 6); 3; [15, 112, 26, 255])
Hill((22, 111); 3; [15, 112, 26, 255])
Hill((153, 112); 3; [15, 112, 26, 255])
Hill((151, 6); 3; [15, 112, 26, 255])
Hill((201, 109); 3; [15, 112, 26, 255])
Hill((163, 37); 3; [15, 112, 26, 255])
Hill((185, 121); 3; [15, 112, 26, 255])
Hill((40, 94); 3; [15, 112, 26, 255])
Hill((125, 155); 3; [15, 112, 26, 255])
Hill((168, 40); 3; [15, 112, 26, 255])
Hill((18, 151); 3; [15, 112, 26, 255])
Hill((182, 185); 3; [15, 112, 26, 255])
Hill((122, 107); 3; [15, 112, 26, 255])
Hill((147, 91); 3; [15, 112, 26, 255])
Hill((164, 89); 3; [15, 112, 26, 255])
Hill((162, 126); 3; [15, 112, 26, 255])
Hill((89, 138); 3; [15, 112, 26, 255])
Hill((6, 64); 3; [15, 112, 26, 255])
Hill((24, 115); 3; [15, 112, 26, 255])
Hill((18, 169); 3; [15, 112, 26, 255])
Hill((55, 137); 3; [15, 112, 26, 255])
Hill((191, 48); 3; [15, 112, 26, 255])
Hill((64, 146); 3; [15, 112, 26, 255])
Hill((146, 95); 3; [15, 112, 26, 255])
Hill((2, 89); 3; [15, 112, 26, 255])
Hill((69, 103); 3; [15, 112, 26, 255])
Hill((144, 143); 3; [15, 112, 26, 255])
Hill((1, 165); 3; [15, 112, 26, 255])
Hill((79, 95); 3; [15, 112, 26, 255])
Hill((122, 32); 3; [15, 112, 26, 255])
Hill((147, 109); 3; [15, 112, 26, 255])
Hill((87, 117); 3; [15, 112, 26, 255])
Hill((201, 63); 3; [15, 112, 26, 255])
Hill((104, 200); 3; [15, 112, 26, 255])
Hill((115, 56); 3; [15, 112, 26, 255])
Hill((23, 249); 3; [15, 112, 26, 255])
Hill((17, 286); 3; [15, 112, 26, 255])
Hill((162, 306); 3; [15, 112, 26, 255])
Hill((167, 300); 3; [15, 112, 26, 255])
Tree((156, 382); 7; 20; [45, 200, 3, 255]; [112, 52, 3, 255]; 1)
Hill((78, 252); 3; [15, 112, 26, 255])
Hill((129, 304); 3; [15, 112, 26, 255])
Hill((22, 221); 3; [15, 112, 26, 255])
Hill((159, 287); 3; [15, 112, 26, 255])
Hill((58, 356); 3; [15, 112, 26, 255])
Hill((10, 374); 3; [15, 112, 26, 255])
Hill((115, 225); 3; [15, 112, 26, 255])
Hill((119, 251); 3; [15, 112, 26, 255])
Hill((50, 271); 3; [15, 112, 26, 255])
Hill((45, 276); 3; [15, 112, 26, 255])
Hill((112, 272); 3; [15, 112, 26, 255])
Hill((85, 309); 3; [15, 112, 26, 255])
Hill((42, 361); 3; [15, 112, 26, 255])
Hill((125, 325); 3; [15, 112, 26, 255])
Hill((29, 205); 3; [15, 112, 26, 255])
Hill((175, 232); 3; [15, 112, 26, 255])
Hill((19, 383); 3; [15, 112, 26, 255])
Hill((74, 261); 3; [15, 112, 26, 255])
Hill((127, 340); 3; [15, 112, 26, 255])
Hill((6, 247); 3; [15, 112, 26, 255])
Hill((98, 216); 3; [15, 112, 26, 255])
Hill((116, 338); 3; [15, 112, 26, 255])
Tree((200, 378); 7; 20; [45, 200, 3, 255]; [112, 52, 3, 255]; 1)
Hill((70, 215); 3; [15, 112, 26, 255])
Hill((106, 267); 3; [15, 112, 26, 255])
Hill((21, 211); 3; [15, 112, 26, 255])
Hill((104, 326); 3; [15, 112, 26, 255])
Hill((127, 354); 3; [15, 112, 26, 255])
Hill((94, 361); 3; [15, 112, 26, 255])
Tree((168, 387); 7; 20; [45, 200, 3, 255]; [112, 52, 3, 255]; 1)
Hill((39, 314); 3; [15, 112, 26, 255])
Hill((72, 301); 3; [15, 112, 26, 255])
Hill((46, 356); 3; [15, 112, 26, 255])
Hill((118, 321); 3; [15, 112, 26, 255])
Hill((16, 338); 3; [15, 112, 26, 255])
Hill((75, 337); 3; [15, 112, 26, 255])
Hill((135, 301); 3; [15, 112, 26, 255])
Mountain((182, 364); 30; 80; [112, 112, 112, 255]; False; [255, 255, 255, 255])
Hill((82, 270); 3; [15, 112, 26, 255])
Hill((148, 227); 3; [15, 112, 26, 255])
Hill((39, 321); 3; [15, 112, 26, 255])
Hill((31, 362); 3; [15, 112, 26, 255])
Hill((96, 356); 3; [15, 112, 26, 255])
Hill((82, 300); 3; [15, 112, 26, 255])
Hill((2, 311); 3; [15, 112, 26, 255])
Hill((94, 304); 3; [15, 112, 26, 255])
Hill((128, 292); 3; [15, 112, 26, 255])
Hill((105, 347); 3; [15, 112, 26, 255])
Hill((124, 300); 3; [15, 112, 26, 255])
Hill((144, 258); 3; [15, 112, 26, 255])
Hill((101, 277); 3; [15, 112, 26, 255])
Hill((163, 220); 3; [15, 112, 26, 255])
Hill((3, 356); 3; [15, 112, 26, 255])
Hill((65, 358); 3; [15, 112, 26, 255])
Hill((2, 389); 3; [15, 112, 26, 255])
Hill((75, 346); 3; [15, 112, 26, 255])
Hill((59, 275); 3; [15, 112, 26, 255])
Hill((38, 355); 3; [15, 112, 26, 255])
Hill((70, 243); 3; [15, 112, 26, 255])
Hill((124, 277); 3; [15, 112, 26, 255])
Hill((86, 246); 3; [15, 112, 26, 255])
Hill((70, 295); 3; [15, 112, 26, 255])
Hill((69, 203); 3; [15, 112, 26, 255])
Hill((90, 317); 3; [15, 112, 26, 255])
Hill((6, 341); 3; [15, 112, 26, 255])
Hill((68, 493); 3; [15, 112, 26, 255])
Hill((25, 579); 3; [15, 112, 26, 255])
Hill((11, 496); 3; [15, 112, 26, 255])
Hill((140, 506); 3; [15, 112, 26, 255])
Hill((105, 529); 3; [15, 112, 26, 255])
Hill((144, 558); 3; [15, 112, 26, 255])
Hill((62, 498); 3; [15, 112, 26, 255])
Hill((119, 573); 3; [15, 112, 26, 255])
Hill((5, 419); 3; [15, 112, 26, 255])
Hill((1, 551); 3; [15, 112, 26, 255])
Hill((158, 596); 3; [15, 112, 26, 255])
Hill((34, 532); 3; [15, 112, 26, 255])
Tree((194, 419); 7; 20; [45, 200, 3, 255]; [112, 52, 3, 255]; 1)
Hill((102, 572); 3; [15, 112, 26, 255])
Hill((68, 503); 3; [15, 112, 26, 255])
Hill((92, 510); 3; [15, 112, 26, 255])
House((199, 593); 10; 10; [200, 112, 70, 255]; [112, 70, 40, 255]; [80, 70, 65, 255])
Hill((46, 524); 3; [15, 112, 26, 255])
Hill((148, 529); 3; [15, 112, 26, 255])
Hill((118, 553); 3; [15, 112, 26, 255])
Hill((53, 550); 3; [15, 112, 26, 255])
Hill((69, 572); 3; [15, 112, 26, 255])
Hill((72, 518); 3; [15, 112, 26, 255])
Hill((75, 514); 3; [15, 112, 26, 255])
Hill((36, 493); 3; [15, 112, 26, 255])
Hill((27, 563); 3; [15, 112, 26, 255])
Hill((146, 574); 3; [15, 112, 26, 255])
Hill((16, 574); 3; [15, 112, 26, 255])
Hill((88, 552); 3; [15, 112, 26, 255])
Hill((108, 516); 3; [15, 112, 26, 255])
Hill((35, 423); 3; [15, 112, 26, 255])
Hill((67, 488); 3; [15, 112, 26, 255])
Hill((95, 486); 3; [15, 112, 26, 255])
Tree((176, 444); 7; 20; [45, 200, 3, 255]; [112, 52, 3, 255]; 1)
Hill((28, 502); 3; [15, 112, 26, 255])
Hill((13, 511); 3; [15, 112, 26, 255])
Tree((199, 450); 7; 20; [45, 200, 3, 255]; [112, 52, 3, 255]; 1)
Hill((112, 535); 3; [15, 112, 26, 255])
Hill((40, 478); 3; [15, 112, 26, 255])
Hill((147, 560); 3; [15, 112, 26, 255])
Hill((35, 434); 3; [15, 112, 26, 255])
Hill((6, 458); 3; [15, 112, 26, 255])
Hill((33, 529); 3; [15, 112, 26, 255])
Mountain((194, 511); 30; 80; [112, 112, 112, 255]; False; [255, 255, 255, 255])
Hill((129, 565); 3; [15, 112, 26, 255])
Hill((62, 571); 3; [15, 112, 26, 255])
Hill((52, 489); 3; [15, 112, 26, 255])
Hill((106, 471); 3; [15, 112, 26, 255])
Hill((78, 584); 3; [15, 112, 26, 255])
Hill((60, 600); 3; [15, 112, 26, 255])
Hill((161, 592); 3; [15, 112, 26, 255])
Hill((107, 567); 3; [15, 112, 26, 255])
Hill((132, 525); 3; [15, 112, 26, 255])
Hill((13, 502); 3; [15, 112, 26, 255])
Hill((142, 583); 3; [15, 112, 26, 255])
Mountain((150, 412); 30; 80; [112, 112, 112, 255]; False; [255, 255, 255, 255])
Hill((13, 547); 3; [15, 112, 26, 255])
Hill((185, 592); 3; [15, 112, 26, 255])
Hill((97, 562); 3; [15, 112, 26, 255])
Hill((77, 489); 3; [15, 112, 26, 255])
Hill((5, 474); 3; [15, 112, 26, 255])
Hill((186, 582); 3; [15, 112, 26, 255])
Hill((58, 516); 3; [15, 112, 26, 255])
Hill((186, 588); 3; [15, 112, 26, 255])
Hill((80, 494); 3; [15, 112, 26, 255])
Hill((55, 572); 3; [15, 112, 26, 255])
Tree((88, 757); 10; 20; [30, 9, 25, 255]; [95, 60, 0, 255]; 2)
House((149, 740); 10; 10; [200, 112, 70, 255]; [112, 70, 40, 255]; [80, 70, 65, 255])
Hill((35, 720); 3; [15, 112, 26, 255])
Hill((42, 728); 3; [15, 112, 26, 255])
Tree((200, 794); 10; 20; [30, 9, 25, 255]; [95, 60, 0, 255]; 2)
Hill((45, 697); 3; [15, 112, 26, 255])
Tree((135, 770); 10; 20; [30, 9, 25, 255]; [95, 60, 0, 255]; 2)
House((188, 694); 10; 10; [200, 112, 70, 255]; [112, 70, 40, 255]; [80, 70, 65, 255])
Tree((160, 778); 10; 20; [30, 9, 25, 255]; [95, 60, 0, 255]; 2)
Tree((89, 713); 10; 20; [30, 9, 25, 255]; [95, 60, 0, 255]; 2)
House((48, 780); 10; 10; [200, 112, 70, 255]; [112, 70, 40, 255]; [80, 70, 65, 255])
Hill((131, 621); 3; [15, 112, 26, 255])
House((160, 718); 10; 10; [200, 112, 70, 255]; [112, 70, 40, 255]; [80, 70, 65, 255])
House((199, 699); 10; 10; [200, 112, 70, 255]; [112, 70, 40, 255]; [80, 70, 65, 255])
Hill((58, 643); 3; [15, 112, 26, 255])
Hill((27, 628); 3; [15, 112, 26, 255])
House((205, 752); 10; 10; [200, 112, 70, 255]; [112, 70, 40, 255]; [80, 70, 65, 255])
Hill((14, 764); 3; [15, 112, 26, 255])
House((37, 753); 10; 10; [200, 112, 70, 255]; [112, 70, 40, 255]; [80, 70, 65, 255])
House((157, 704); 10; 10; [200, 112, 70, 255]; [112, 70, 40, 255]; [80, 70, 65, 255])
Tree((128, 679); 10; 20; [30, 9, 25, 255]; [95, 60, 0, 255]; 2)
Tree((25, 790); 10; 20; [30, 9, 25, 255]; [95, 60, 0, 255]; 2)
Hill((33, 713); 3; [15, 112, 26, 255])
Tree((190, 620); 10; 20; [30, 9, 25, 255]; [95, 60, 0, 255]; 2)
Tree((129, 734); 10; 20; [30, 9, 25, 255]; [95, 60, 0, 255]; 2)
Tree((86, 734); 10; 20; [30, 9, 25, 255]; [95, 60, 0, 255]; 2)
Hill((12, 753); 3; [15, 112, 26, 255])
Hill((105, 607); 3; [15, 112, 26, 255])
Hill((20, 655); 3; [15, 112, 26, 255])
Hill((124, 632); 3; [15, 112, 26, 255])
Hill((96, 636); 3; [15, 112, 26, 255])
Hill((48, 675); 3; [15, 112, 26, 255])
Hill((98, 607); 3; [15, 112, 26, 255])
Hill((8, 661); 3; [15, 112, 26, 255])
Tree((99, 729); 10; 20; [30, 9, 25, 255]; [95, 60, 0, 255]; 2)
House((70, 786); 10; 10; [200, 112, 70, 255]; [112, 70, 40, 255]; [80, 70, 65, 255])
Hill((5, 782); 3; [15, 112, 26, 255])
Hill((33, 748); 3; [15, 112, 26, 255])
Hill((7, 618); 3; [15, 112, 26, 255])
House((160, 753); 10; 10; [200, 112, 70, 255]; [112, 70, 40, 255]; [80, 70, 65, 255])
Tree((107, 701); 10; 20; [30, 9, 25, 255]; [95, 60, 0, 255]; 2)
Tree((135, 696); 10; 20; [30, 9, 25, 255]; [95, 60, 0, 255]; 2)
House((194, 653); 10; 10; [200, 112, 70, 255]; [112, 70, 40, 255]; [80, 70, 65, 255])
Tree((152, 656); 10; 20; [30, 9, 25, 255]; [95, 60, 0, 255]; 2)
Hill((108, 623); 3; [15, 112, 26, 255])
Hill((3, 716); 3; [15, 112, 26, 255])
Hill((51, 701); 3; [15, 112, 26, 255])
Hill((58, 635); 3; [15, 112, 26, 255])
Tree((188, 743); 10; 20; [30, 9, 25, 255]; [95, 60, 0, 255]; 2)
Tree((113, 781); 10; 20; [30, 9, 25, 255]; [95, 60, 0, 255]; 2)
Hill((7, 776); 3; [15, 112, 26, 255])
House((84, 785); 10; 10; [200, 112, 70, 255]; [112, 70, 40, 255]; [80, 70, 65, 255])
Hill((22, 649); 3; [15, 112, 26, 255])
Hill((52, 708); 3; [15, 112, 26, 255])
Hill((51, 716); 3; [15, 112, 26, 255])
Hill((54, 692); 3; [15, 112, 26, 255])
House((168, 631); 10; 10; [200, 112, 70, 255]; [112, 70, 40, 255]; [80, 70, 65, 255])
House((88, 803); 10; 10; [200, 112, 70, 255]; [112, 70, 40, 255]; [80, 70, 65, 255])
Tree((27, 867); 10; 20; [30, 9, 25, 255]; [95, 60, 0, 255]; 2)
Tree((69, 841); 10; 20; [30, 9, 25, 255]; [95, 60, 0, 255]; 2)
House((17, 810); 10; 10; [200, 112, 70, 255]; [112, 70, 40, 255]; [80, 70, 65, 255])
Tree((166, 822); 10; 20; [30, 9, 25, 255]; [95, 60, 0, 255]; 2)
Tree((35, 912); 10; 20; [30, 9, 25, 255]; [95, 60, 0, 255]; 2)
House((100, 875); 10; 10; [200, 112, 70, 255]; [112, 70, 40, 255]; [80, 70, 65, 255])
Tree((53, 829); 10; 20; [30, 9, 25, 255]; [95, 60, 0, 255]; 2)
House((164, 807); 10; 10; [200, 112, 70, 255]; [112, 70, 40, 255]; [80, 70, 65, 255])
House((32, 835); 10; 10; [200, 112, 70, 255]; [112, 70, 40, 255]; [80, 70, 65, 255])
House((104, 821); 10; 10; [200, 112, 70, 255]; [112, 70, 40, 255]; [80, 70, 65, 255])
Tree((38, 883); 10; 20; [30, 9, 25, 255]; [95, 60, 0, 255]; 2)
House((97, 847); 10; 10; [200, 112, 70, 255]; [112, 70, 40, 255]; [80, 70, 65, 255])
House((93, 836); 10; 10; [200, 112, 70, 255]; [112, 70, 40, 255]; [80, 70, 65, 255])
Tree((64, 898); 10; 20; [30, 9, 25, 255]; [95, 60, 0, 255]; 2)
Tree((22, 837); 10; 20; [30, 9, 25, 255]; [95, 60, 0, 255]; 2)
Tree((370, 47); 7; 20; [45, 200, 3, 255]; [112, 52, 3, 255]; 1)
House((402, 183); 10; 10; [200, 112, 70, 255]; [112, 70, 40, 255]; [80, 70, 65, 255])
House((358, 60); 10; 10; [200, 112, 70, 255]; [112, 70, 40, 255]; [80, 70, 65, 255])
Tree((379, 155); 7; 20; [45, 200, 3, 255]; [112, 52, 3, 255]; 1)
Hill((337, 185); 3; [15, 112, 26, 255])
House((403, 9); 10; 10; [200, 112, 70, 255]; [112, 70, 40, 255]; [80, 70, 65, 255])
Tree((352, 73); 7; 20; [45, 200, 3, 255]; [112, 52, 3, 255]; 1)
Tree((388, 78); 7; 20; [45, 200, 3, 255]; [112, 52, 3, 255]; 1)
House((343, 83); 10; 10; [200, 112, 70, 255]; [112, 70, 40, 255]; [80, 70, 65, 255])
Hill((204, 76); 3; [15, 112, 26, 255])
House((363, 152); 10; 10; [200, 112, 70, 255]; [112, 70, 40, 255]; [80, 70, 65, 255])
House((383, 130); 10; 10; [200, 112, 70, 255]; [112, 70, 40, 255]; [80, 70, 65, 255])
Tree((354, 153); 7; 20; [45, 200, 3, 255]; [112, 52, 3, 255]; 1)
Tree((368, 86); 7; 20; [45, 200, 3, 255]; [112, 52, 3, 255]; 1)
House((396, 66); 10; 10; [200, 112, 70, 255]; [112, 70, 40, 255]; [80, 70, 65, 255])
Tree((325, 10); 7; 20; [45, 200, 3, 255]; [112, 52, 3, 255]; 1)
Tree((310, 5); 7; 20; [45, 200, 3, 255]; [112, 52, 3, 255]; 1)
Tree((345, 144); 7; 20; [45, 200, 3, 255]; [112, 52, 3, 255]; 1)
Tree((331, 40); 7; 20; [45, 200, 3, 255]; [112, 52, 3, 255]; 1)
Tree((370, 66); 7; 20; [45, 200, 3, 255]; [112, 52, 3, 255]; 1)
Hill((209, 51); 3; [15, 112, 26, 255])
House((367, 8); 10; 10; [200, 112, 70, 255]; [112, 70, 40, 255]; [80, 70, 65, 255])
Tree((398, 16); 7; 20; [45, 200, 3, 255]; [112, 52, 3, 255]; 1)
Tree((339, 104); 7; 20; [45, 200, 3, 255]; [112, 52, 3, 255]; 1)
Tree((389, 14); 7; 20; [45, 200, 3, 255]; [112, 52, 3, 255]; 1)
Tree((398, 136); 7; 20; [45, 200, 3, 255]; [112, 52, 3, 255]; 1)
Tree((313, 66); 7; 20; [45, 200, 3, 255]; [112, 52, 3, 255]; 1)
Hill((314, 335); 3; [15, 112, 26, 255])
Hill((359, 358); 3; [15, 112, 26, 255])
Hill((382, 283); 3; [15, 112, 26, 255])
Tree((243, 378); 7; 20; [45, 200, 3, 255]; [112, 52, 3, 255]; 1)
Tree((299, 395); 7; 20; [45, 200, 3, 255]; [112, 52, 3, 255]; 1)
Hill((372, 263); 3; [15, 112, 26, 255])
Hill((401, 283); 3; [15, 112, 26, 255])
Hill((313, 227); 3; [15, 112, 26, 255])
Hill((395, 211); 3; [15, 112, 26, 255])
Hill((301, 284); 3; [15, 112, 26, 255])
Hill((311, 290); 3; [15, 112, 26, 255])
Hill((313, 303); 3; [15, 112, 26, 255])
Hill((399, 241); 3; [15, 112, 26, 255])
Hill((333, 309); 3; [15, 112, 26, 255])
Hill((383, 307); 3; [15, 112, 26, 255])
Hill((343, 311); 3; [15, 112, 26, 255])
Hill((264, 333); 3; [15, 112, 26, 255])
Hill((367, 258); 3; [15, 112, 26, 255])
Hill((315, 324); 3; [15, 112, 26, 255])
Hill((391, 370); 3; [15, 112, 26, 255])
Hill((333, 332); 3; [15, 112, 26, 255])
Hill((307, 349); 3; [15, 112, 26, 255])
Hill((269, 321); 3; [15, 112, 26, 255])
Hill((297, 319); 3; [15, 112, 26, 255])
Hill((303, 300); 3; [15, 112, 26, 255])
Hill((309, 273); 3; [15, 112, 26, 255])
Hill((398, 289); 3; [15, 112, 26, 255])
Hill((322, 246); 3; [15, 112, 26, 255])
Hill((307, 327); 3; [15, 112, 26, 255])
Hill((326, 313); 3; [15, 112, 26, 255])
Hill((339, 237); 3; [15, 112, 26, 255])
Hill((344, 372); 3; [15, 112, 26, 255])
Hill((294, 283); 3; [15, 112, 26, 255])
Hill((312, 344); 3; [15, 112, 26, 255])
Hill((363, 337); 3; [15, 112, 26, 255])
Tree((211, 394); 7; 20; [45, 200, 3, 255]; [112, 52, 3, 255]; 1)
Hill((333, 313); 3; [15, 112, 26, 255])
Hill((384, 325); 3; [15, 112, 26, 255])
Hill((317, 289); 3; [15, 112, 26, 255])
Hill((401, 341); 3; [15, 112, 26, 255])
Hill((306, 295); 3; [15, 112, 26, 255])
Hill((295, 289); 3; [15, 112, 26, 255])
Hill((350, 335); 3; [15, 112, 26, 255])
Hill((395, 216); 3; [15, 112, 26, 255])
Hill((304, 287); 3; [15, 112, 26, 255])
Hill((300, 335); 3; [15, 112, 26, 255])
Hill((377, 282); 3; [15, 112, 26, 255])
Hill((358, 265); 3; [15, 112, 26, 255])
Hill((303, 272); 3; [15, 112, 26, 255])
Hill((346, 362); 3; [15, 112, 26, 255])
Tree((325, 454); 7; 20; [45, 200, 3, 255]; [112, 52, 3, 255]; 1)
Tree((218, 402); 7; 20; [45, 200, 3, 255]; [112, 52, 3, 255]; 1)
Tree((353, 450); 7; 20; [45, 200, 3, 255]; [112, 52, 3, 255]; 1)
Tree((219, 567); 7; 20; [45, 200, 3, 255]; [112, 52, 3, 255]; 1)
Tree((236, 404); 7; 20; [45, 200, 3, 255]; [112, 52, 3, 255]; 1)
Tree((205, 400); 7; 20; [45, 200, 3, 255]; [112, 52, 3, 255]; 1)
Tree((268, 400); 7; 20; [45, 200, 3, 255]; [112, 52, 3, 255]; 1)
Mountain((299, 485); 30; 80; [112, 112, 112, 255]; False; [255, 255, 255, 255])
House((240, 587); 10; 10; [200, 112, 70, 255]; [112, 70, 40, 255]; [80, 70, 65, 255])
Tree((251, 537); 7; 20; [45, 200, 3, 255]; [112, 52, 3, 255]; 1)
Mountain((236, 441); 30; 80; [112, 112, 112, 255]; False; [255, 255, 255, 255])
Tree((259, 447); 7; 20; [45, 200, 3, 255]; [112, 52, 3, 255]; 1)
Hill((208, 570); 3; [15, 112, 26, 255])
Tree((356, 478); 7; 20; [45, 200, 3, 255]; [112, 52, 3, 255]; 1)
Tree((378, 499); 7; 20; [45, 200, 3, 255]; [112, 52, 3, 255]; 1)
House((344, 589); 10; 10; [200, 112, 70, 255]; [112, 70, 40, 255]; [80, 70, 65, 255])
Tree((340, 482); 7; 20; [45, 200, 3, 255]; [112, 52, 3, 255]; 1)
Tree((371, 562); 7; 20; [45, 200, 3, 255]; [112, 52, 3, 255]; 1)
Tree((335, 418); 7; 20; [45, 200, 3, 255]; [112, 52, 3, 255]; 1)
Tree((272, 520); 7; 20; [45, 200, 3, 255]; [112, 52, 3, 255]; 1)
Tree((314, 429); 7; 20; [45, 200, 3, 255]; [112, 52, 3, 255]; 1)
Mountain((359, 506); 30; 80; [112, 112, 112, 255]; False; [255, 255, 255, 255])
Mountain((301, 573); 30; 80; [112, 112, 112, 255]; False; [255, 255, 255, 255])
Tree((265, 526); 7; 20; [45, 200, 3, 255]; [112, 52, 3, 255]; 1)
Tree((363, 460); 7; 20; [45, 200, 3, 255]; [112, 52, 3, 255]; 1)
Mountain((268, 562); 30; 80; [112, 112, 112, 255]; False; [255, 255, 255, 255])
Tree((265, 462); 7; 20; [45, 200, 3, 255]; [112, 52, 3, 255]; 1)
Tree((252, 402); 7; 20; [45, 200, 3, 255]; [112, 52, 3, 255]; 1)
Tree((335, 583); 7; 20; [45, 200, 3, 255]; [112, 52, 3, 255]; 1)
Tree((264, 430); 7; 20; [45, 200, 3, 255]; [112, 52, 3, 255]; 1)
Tree((379, 445); 7; 20; [45, 200, 3, 255]; [112, 52, 3, 255]; 1)
Mountain((395, 430); 30; 80; [112, 112, 112, 255]; False; [255, 255, 255, 255])
Mountain((328, 517); 30; 80; [112, 112, 112, 255]; False; [255, 255, 255, 255])
House((247, 662); 10; 10; [200, 112, 70, 255]; [112, 70, 40, 255]; [80, 70, 65, 255])
House((316, 640); 10; 10; [200, 112, 70, 255]; [112, 70, 40, 255]; [80, 70, 65, 255])
House((259, 651); 10; 10; [200, 112, 70, 255]; [112, 70, 40, 255]; [80, 70, 65, 255])
Tree((234, 672); 10; 20; [30, 9, 25, 255]; [95, 60, 0, 255]; 2)
Tree((269, 751); 10; 20; [30, 9, 25, 255]; [95, 60, 0, 255]; 2)
House((315, 625); 10; 10; [200, 112, 70, 255]; [112, 70, 40, 255]; [80, 70, 65, 255])
House((232, 704); 10; 10; [200, 112, 70, 255]; [112, 70, 40, 255]; [80, 70, 65, 255])
Tree((217, 643); 10; 20; [30, 9, 25, 255]; [95, 60, 0, 255]; 2)
Tree((254, 672); 10; 20; [30, 9, 25, 255]; [95, 60, 0, 255]; 2)
House((309, 691); 10; 10; [200, 112, 70, 255]; [112, 70, 40, 255]; [80, 70, 65, 255])
Tree((238, 609); 10; 20; [30, 9, 25, 255]; [95, 60, 0, 255]; 2)
House((245, 628); 10; 10; [200, 112, 70, 255]; [112, 70, 40, 255]; [80, 70, 65, 255])
House((303, 658); 10; 10; [200, 112, 70, 255]; [112, 70, 40, 255]; [80, 70, 65, 255])
Tree((239, 724); 10; 20; [30, 9, 25, 255]; [95, 60, 0, 255]; 2)
Tree((245, 637); 10; 20; [30, 9, 25, 255]; [95, 60, 0, 255]; 2)
Tree((259, 692); 10; 20; [30, 9, 25, 255]; [95, 60, 0, 255]; 2)
House((216, 767); 10; 10; [200, 112, 70, 255]; [112, 70, 40, 255]; [80, 70, 65, 255])
Tree((328, 618); 10; 20; [30, 9, 25, 255]; [95, 60, 0, 255]; 2)
House((260, 751); 10; 10; [200, 112, 70, 255]; [112, 70, 40, 255]; [80, 70, 65, 255])
Tree((292, 702); 10; 20; [30, 9, 25, 255]; [95, 60, 0, 255]; 2)
Tree((280, 684); 10; 20; [30, 9, 25, 255]; [95, 60, 0, 255]; 2)
Tree((524, 15); 7; 20; [45, 200, 3, 255]; [112, 52, 3, 255]; 1)
Tree((415, 136); 7; 20; [45, 200, 3, 255]; [112, 52, 3, 255]; 1)
House((480, 182); 10; 10; [200, 112, 70, 255]; [112, 70, 40, 255]; [80, 70, 65, 255])
Tree((481, 86); 7; 20; [45, 200, 3, 255]; [112, 52, 3, 255]; 1)
House((556, 73); 10; 10; [200, 112, 70, 255]; [112, 70, 40, 255]; [80, 70, 65, 255])
Tree((429, 174); 7; 20; [45, 200, 3, 255]; [112, 52, 3, 255]; 1)
Tree((459, 44); 7; 20; [45, 200, 3, 255]; [112, 52, 3, 255]; 1)
Tree((573, 4); 7; 20; [45, 200, 3, 255]; [112, 52, 3, 255]; 1)
House((475, 145); 10; 10; [200, 112, 70, 255]; [112, 70, 40, 255]; [80, 70, 65, 255])
Tree((493, 14); 7; 20; [45, 200, 3, 255]; [112, 52, 3, 255]; 1)
Tree((510, 43); 7; 20; [45, 200, 3, 255]; [112, 52, 3, 255]; 1)
House((489, 159); 10; 10; [200, 112, 70, 255]; [112, 70, 40, 255]; [80, 70, 65, 255])
Tree((432, 19); 7; 20; [45, 200, 3, 255]; [112, 52, 3, 255]; 1)
House((540, 127); 10; 10; [200, 112, 70, 255]; [112, 70, 40, 255]; [80, 70, 65, 255])
House((458, 157); 10; 10; [200, 112, 70, 255]; [112, 70, 40, 255]; [80, 70, 65, 255])
Tree((532, 59); 7; 20; [45, 200, 3, 255]; [112, 52, 3, 255]; 1)
Tree((406, 60); 7; 20; [45, 200, 3, 255]; [112, 52, 3, 255]; 1)
Tree((563, 81); 7; 20; [45, 200, 3, 255]; [112, 52, 3, 255]; 1)
Hill((591, 150); 3; [15, 112, 26, 255])
House((511, 31); 10; 10; [200, 112, 70, 255]; [112, 70, 40, 255]; [80, 70, 65, 255])
House((561, 32); 10; 10; [200, 112, 70, 255]; [112, 70, 40, 255]; [80, 70, 65, 255])
House((552, 49); 10; 10; [200, 112, 70, 255]; [112, 70, 40, 255]; [80, 70, 65, 255])
Tree((420, 155); 7; 20; [45, 200, 3, 255]; [112, 52, 3, 255]; 1)
House((467, 29); 10; 10; [200, 112, 70, 255]; [112, 70, 40, 255]; [80, 70, 65, 255])
Tree((470, 183); 7; 20; [45, 200, 3, 255]; [112, 52, 3, 255]; 1)
Hill((567, 149); 3; [15, 112, 26, 255])
Tree((408, 104); 7; 20; [45, 200, 3, 255]; [112, 52, 3, 255]; 1)
Tree((438, 180); 7; 20; [45, 200, 3, 255]; [112, 52, 3, 255]; 1)
House((454, 80); 10; 10; [200, 112, 70, 255]; [112, 70, 40, 255]; [80, 70, 65, 255])
Tree((526, 180); 7; 20; [45, 200, 3, 255]; [112, 52, 3, 255]; 1)
House((479, 128); 10; 10; [200, 112, 70, 255]; [112, 70, 40, 255]; [80, 70, 65, 255])
Tree((545, 72); 7; 20; [45, 200, 3, 255]; [112, 52, 3, 255]; 1)
House((557, 116); 10; 10; [200, 112, 70, 255]; [112, 70, 40, 255]; [80, 70, 65, 255])
House((494, 85); 10; 10; [200, 112, 70, 255]; [112, 70, 40, 255]; [80, 70, 65, 255])
Hill((568, 93); 3; [15, 112, 26, 255])
Tree((455, 93); 7; 20; [45, 200, 3, 255]; [112, 52, 3, 255]; 1)
Tree((538, 178); 7; 20; [45, 200, 3, 255]; [112, 52, 3, 255]; 1)
Tree((567, 45); 7; 20; [45, 200, 3, 255]; [112, 52, 3, 255]; 1)
Tree((440, 8); 7; 20; [45, 200, 3, 255]; [112, 52, 3, 255]; 1)
House((450, 48); 10; 10; [200, 112, 70, 255]; [112, 70, 40, 255]; [80, 70, 65, 255])
Hill((602, 131); 3; [15, 112, 26, 255])
House((514, 151); 10; 10; [200, 112, 70, 255]; [112, 70, 40, 255]; [80, 70, 65, 255])
Tree((540, 33); 7; 20; [45, 200, 3, 255]; [112, 52, 3, 255]; 1)
House((539, 89); 10; 10; [200, 112, 70, 255]; [112, 70, 40, 255]; [80, 70, 65, 255])
Tree((437, 38); 7; 20; [45, 200, 3, 255]; [112, 52, 3, 255]; 1)
House((408, 173); 10; 10; [200, 112, 70, 255]; [112, 70, 40, 255]; [80, 70, 65, 255])
House((554, 9); 10; 10; [200, 112, 70, 255]; [112, 70, 40, 255]; [80, 70, 65, 255])
House((484, 22); 10; 10; [200, 112, 70, 255]; [112, 70, 40, 255]; [80, 70, 65, 255])
House((418, 31); 10; 10; [200, 112, 70, 255]; [112, 70, 40, 255]; [80, 70, 65, 255])
House((485, 57); 10; 10; [200, 112, 70, 255]; [112, 70, 40, 255]; [80, 70, 65, 255])
Tree((420, 50); 7; 20; [45, 200, 3, 255]; [112, 52, 3, 255]; 1)
Tree((458, 176); 7; 20; [45, 200, 3, 255]; [112, 52, 3, 255]; 1)
Hill((590, 189); 3; [15, 112, 26, 255])
House((467, 68); 10; 10; [200, 112, 70, 255]; [112, 70, 40, 255]; [80, 70, 65, 255])
House((446, 185); 10; 10; [200, 112, 70, 255]; [112, 70, 40, 255]; [80, 70, 65, 255])
Hill((585, 149); 3; [15, 112, 26, 255])
House((517, 60); 10; 10; [200, 112, 70, 255]; [112, 70, 40, 255]; [80, 70, 65, 255])
Hill((602, 5); 3; [15, 112, 26, 255])
Tree((498, 154); 7; 20; [45, 200, 3, 255]; [112, 52, 3, 255]; 1)
Tree((440, 137); 7; 20; [45, 200, 3, 255]; [112, 52, 3, 255]; 1)
House((474, 101); 10; 10; [200, 112, 70, 255]; [112, 70, 40, 255]; [80, 70, 65, 255])
Hill((595, 131); 3; [15, 112, 26, 255])
Tree((451, 4); 7; 20; [45, 200, 3, 255]; [112, 52, 3, 255]; 1)
Hill((565, 199); 3; [15, 112, 26, 255])
Hill((581, 46); 3; [15, 112, 26, 255])
Hill((456, 326); 3; [15, 112, 26, 255])
Hill((416, 230); 3; [15, 112, 26, 255])
House((468, 207); 10; 10; [200, 112, 70, 255]; [112, 70, 40, 255]; [80, 70, 65, 255])
House((547, 234); 10; 10; [200, 112, 70, 255]; [112, 70, 40, 255]; [80, 70, 65, 255])
Hill((568, 210); 3; [15, 112, 26, 255])
Hill((583, 343); 3; [15, 112, 26, 255])
Tree((424, 201); 7; 20; [45, 200, 3, 255]; [112, 52, 3, 255]; 1)
Hill((432, 326); 3; [15, 112, 26, 255])
House((520, 203); 10; 10; [200, 112, 70, 255]; [112, 70, 40, 255]; [80, 70, 65, 255])
Hill((560, 392); 3; [15, 112, 26, 255])
Hill((523, 344); 3; [15, 112, 26, 255])
Hill((472, 287); 3; [15, 112, 26, 255])
Hill((482, 320); 3; [15, 112, 26, 255])
Hill((455, 364); 3; [15, 112, 26, 255])
Hill((529, 366); 3; [15, 112, 26, 255])
Hill((464, 367); 3; [15, 112, 26, 255])
Hill((444, 341); 3; [15, 112, 26, 255])
Hill((448, 351); 3; [15, 112, 26, 255])
Hill((460, 283); 3; [15, 112, 26, 255])
Hill((484, 294); 3; [15, 112, 26, 255])
Hill((517, 333); 3; [15, 112, 26, 255])
Hill((538, 358); 3; [15, 112, 26, 255])
Tree((494, 211); 7; 20; [45, 200, 3, 255]; [112, 52, 3, 255]; 1)
Hill((448, 295); 3; [15, 112, 26, 255])
Hill((550, 292); 3; [15, 112, 26, 255])
Hill((512, 290); 3; [15, 112, 26, 255])
Hill((415, 295); 3; [15, 112, 26, 255])
Hill((431, 388); 3; [15, 112, 26, 255])
Hill((430, 224); 3; [15, 112, 26, 255])
Hill((490, 299); 3; [15, 112, 26, 255])
Hill((509, 294); 3; [15, 112, 26, 255])
Hill((412, 352); 3; [15, 112, 26, 255])
Hill((460, 268); 3; [15, 112, 26, 255])
Hill((420, 257); 3; [15, 112, 26, 255])
Hill((472, 306); 3; [15, 112, 26, 255])
Tree((539, 213); 7; 20; [45, 200, 3, 255]; [112, 52, 3, 255]; 1)
Hill((488, 318); 3; [15, 112, 26, 255])
Hill((547, 319); 3; [15, 112, 26, 255])
Hill((469, 250); 3; [15, 112, 26, 255])
Hill((517, 317); 3; [15, 112, 26, 255])
Hill((508, 307); 3; [15, 112, 26, 255])
Tree((516, 250); 7; 20; [45, 200, 3, 255]; [112, 52, 3, 255]; 1)
Hill((409, 395); 3; [15, 112, 26, 255])
House((517, 215); 10; 10; [200, 112, 70, 255]; [112, 70, 40, 255]; [80, 70, 65, 255])
Hill((444, 334); 3; [15, 112, 26, 255])
Hill((502, 301); 3; [15, 112, 26, 255])
Hill((586, 222); 3; [15, 112, 26, 255])
Tree((493, 239); 7; 20; [45, 200, 3, 255]; [112, 52, 3, 255]; 1)
Hill((495, 265); 3; [15, 112, 26, 255])
Hill((541, 291); 3; [15, 112, 26, 255])
House((484, 208); 10; 10; [200, 112, 70, 255]; [112, 70, 40, 255]; [80, 70, 65, 255])
Hill((444, 245); 3; [15, 112, 26, 255])
Hill((524, 305); 3; [15, 112, 26, 255])
Hill((454, 393); 3; [15, 112, 26, 255])
Hill((566, 204); 3; [15, 112, 26, 255])
Hill((564, 229); 3; [15, 112, 26, 255])
Hill((473, 368); 3; [15, 112, 26, 255])
Hill((471, 321); 3; [15, 112, 26, 255])
Hill((452, 260); 3; [15, 112, 26, 255])
Hill((499, 333); 3; [15, 112, 26, 255])
Hill((475, 378); 3; [15, 112, 26, 255])
Hill((433, 226); 3; [15, 112, 26, 255])
Hill((459, 329); 3; [15, 112, 26, 255])
Hill((430, 286); 3; [15, 112, 26, 255])
Hill((414, 323); 3; [15, 112, 26, 255])
Hill((575, 384); 3; [15, 112, 26, 255])
Hill((484, 287); 3; [15, 112, 26, 255])
Hill((403, 360); 3; [15, 112, 26, 255])
Hill((458, 240); 3; [15, 112, 26, 255])
Hill((422, 314); 3; [15, 112, 26, 255])
Hill((445, 317); 3; [15, 112, 26, 255])
House((451, 211); 10; 10; [200, 112, 70, 255]; [112, 70, 40, 255]; [80, 70, 65, 255])
Hill((524, 370); 3; [15, 112, 26, 255])
Hill((570, 371); 3; [15, 112, 26, 255])
Hill((524, 331); 3; [15, 112, 26, 255])
Hill((590, 292); 3; [15, 112, 26, 255])
Hill((571, 252); 3; [15, 112, 26, 255])
Hill((561, 366); 3; [15, 112, 26, 255])
Hill((599, 253); 3; [15, 112, 26, 255])
House((528, 234); 10; 10; [200, 112, 70, 255]; [112, 70, 40, 255]; [80, 70, 65, 255])
Hill((485, 284); 3; [15, 112, 26, 255])
Hill((418, 247); 3; [15, 112, 26, 255])
Hill((468, 428); 3; [15, 112, 26, 255])
Hill((495, 411); 3; [15, 112, 26, 255])
Mountain((430, 431); 30; 80; [112, 112, 112, 255]; False; [255, 255, 255, 255])
Tree((410, 492); 7; 20; [45, 200, 3, 255]; [112, 52, 3, 255]; 1)
Hill((457, 402); 3; [15, 112, 26, 255])
Hill((467, 408); 3; [15, 112, 26, 255])
Hill((490, 414); 3; [15, 112, 26, 255])
Hill((502, 410); 3; [15, 112, 26, 255])
Hill((464, 419); 3; [15, 112, 26, 255])
Hill((440, 424); 3; [15, 112, 26, 255])
Hill((494, 751); 3; [15, 112, 26, 255])
Hill((556, 795); 3; [15, 112, 26, 255])
Hill((523, 798); 3; [15, 112, 26, 255])
Hill((512, 748); 3; [15, 112, 26, 255])
Hill((449, 731); 3; [15, 112, 26, 255])
Hill((548, 753); 3; [15, 112, 26, 255])
Hill((513, 753); 3; [15, 112, 26, 255])
Hill((419, 776); 3; [15, 112, 26, 255])
Hill((565, 753); 3; [15, 112, 26, 255])
Hill((579, 752); 3; [15, 112, 26, 255])
Hill((585, 716); 3; [15, 112, 26, 255])
Hill((464, 746); 3; [15, 112, 26, 255])
Hill((509, 778); 3; [15, 112, 26, 255])
Hill((537, 788); 3; [15, 112, 26, 255])
Hill((584, 784); 3; [15, 112, 26, 255])
Hill((579, 795); 3; [15, 112, 26, 255])
Hill((588, 747); 3; [15, 112, 26, 255])
Hill((586, 773); 3; [15, 112, 26, 255])
Hill((477, 784); 3; [15, 112, 26, 255])
Hill((527, 766); 3; [15, 112, 26, 255])
Hill((495, 782); 3; [15, 112, 26, 255])
Hill((563, 726); 3; [15, 112, 26, 255])
Hill((598, 755); 3; [15, 112, 26, 255])
Hill((451, 728); 3; [15, 112, 26, 255])
Hill((450, 771); 3; [15, 112, 26, 255])
Hill((586, 796); 3; [15, 112, 26, 255])
Hill((451, 777); 3; [15, 112, 26, 255])
Hill((497, 758); 3; [15, 112, 26, 255])
Hill((544, 757); 3; [15, 112, 26, 255])
Hill((503, 755); 3; [15, 112, 26, 255])
Hill((521, 715); 3; [15, 112, 26, 255])
Hill((568, 777); 3; [15, 112, 26, 255])
Hill((422, 796); 3; [15, 112, 26, 255])
Hill((488, 748); 3; [15, 112, 26, 255])
Hill((514, 773); 3; [15, 112, 26, 255])
Hill((569, 721); 3; [15, 112, 26, 255])
Hill((522, 789); 3; [15, 112, 26, 255])
Hill((488, 721); 3; [15, 112, 26, 255])
Hill((519, 713); 3; [15, 112, 26, 255])
Hill((479, 730); 3; [15, 112, 26, 255])
Hill((491, 743); 3; [15, 112, 26, 255])
Hill((476, 772); 3; [15, 112, 26, 255])
Hill((540, 745); 3; [15, 112, 26, 255])
Hill((554, 711); 3; [15, 112, 26, 255])
Hill((460, 783); 3; [15, 112, 26, 255])
Hill((471, 770); 3; [15, 112, 26, 255])
Hill((540, 853); 3; [15, 112, 26, 255])
Hill((461, 840); 3; [15, 112, 26, 255])
Hill((426, 813); 3; [15, 112, 26, 255])
Hill((508, 840); 3; [15, 112, 26, 255])
Hill((484, 871); 3; [15, 112, 26, 255])
Hill((570, 834); 3; [15, 112, 26, 255])
Hill((435, 864); 3; [15, 112, 26, 255])
Hill((545, 895); 3; [15, 112, 26, 255])
Hill((500, 878); 3; [15, 112, 26, 255])
Hill((455, 811); 3; [15, 112, 26, 255])
Hill((438, 834); 3; [15, 112, 26, 255])
Hill((460, 855); 3; [15, 112, 26, 255])
Hill((589, 882); 3; [15, 112, 26, 255])
Hill((564, 825); 3; [15, 112, 26, 255])
Hill((500, 865); 3; [15, 112, 26, 255])
Hill((588, 832); 3; [15, 112, 26, 255])
Hill((450, 807); 3; [15, 112, 26, 255])
Hill((573, 850); 3; [15, 112, 26, 255])
Hill((531, 829); 3; [15, 112, 26, 255])
Hill((590, 842); 3; [15, 112, 26, 255])
Hill((570, 830); 3; [15, 112, 26, 255])
Hill((514, 886); 3; [15, 112, 26, 255])
Hill((455, 876); 3; [15, 112, 26, 255])
Hill((590, 810); 3; [15, 112, 26, 255])
Hill((432, 830); 3; [15, 112, 26, 255])
Hill((602, 887); 3; [15, 112, 26, 255])
Hill((511, 826); 3; [15, 112, 26, 255])
Hill((428, 827); 3; [15, 112, 26, 255])
Hill((568, 801); 3; [15, 112, 26, 255])
Hill((481, 880); 3; [15, 112, 26, 255])
Hill((564, 811); 3; [15, 112, 26, 255])
Hill((551, 803); 3; [15, 112, 26, 255])
Hill((445, 807); 3; [15, 112, 26, 255])
Hill((481, 910); 3; [15, 112, 26, 255])
Hill((509, 902); 3; [15, 112, 26, 255])
Hill((554, 879); 3; [15, 112, 26, 255])
Hill((549, 877); 3; [15, 112, 26, 255])
Hill((544, 819); 3; [15, 112, 26, 255])
Hill((600, 812); 3; [15, 112, 26, 255])
Hill((592, 875); 3; [15, 112, 26, 255])
Hill((574, 898); 3; [15, 112, 26, 255])
Hill((524, 851); 3; [15, 112, 26, 255])
Hill((449, 904); 3; [15, 112, 26, 255])
Hill((526, 841); 3; [15, 112, 26, 255])
Hill((449, 834); 3; [15, 112, 26, 255])
Hill((581, 881); 3; [15, 112, 26, 255])
Hill((516, 840); 3; [15, 112, 26, 255])
Hill((578, 862); 3; [15, 112, 26, 255])
Hill((516, 801); 3; [15, 112, 26, 255])
Hill((589, 839); 3; [15, 112, 26, 255])
Hill((582, 831); 3; [15, 112, 26, 255])
Hill((462, 878); 3; [15, 112, 26, 255])
Hill((437, 813); 3; [15, 112, 26, 255])
Hill((534, 876); 3; [15, 112, 26, 255])
Hill((526, 896); 3; [15, 112, 26, 255])
Hill((507, 843); 3; [15, 112, 26, 255])
Hill((539, 918); 3; [15, 112, 26, 255])
Hill((499, 873); 3; [15, 112, 26, 255])
Hill((545, 887); 3; [15, 112, 26, 255])
Hill((517, 894); 3; [15, 112, 26, 255])
Hill((427, 806); 3; [15, 112, 26, 255])
Hill((558, 867); 3; [15, 112, 26, 255])
Hill((456, 884); 3; [15, 112, 26, 255])
Hill((442, 838); 3; [15, 112, 26, 255])
Hill((462, 851); 3; [15, 112, 26, 255])
Hill((454, 919); 3; [15, 112, 26, 255])
Hill((446, 823); 3; [15, 112, 26, 255])
Hill((484, 868); 3; [15, 112, 26, 255])
Hill((557, 873); 3; [15, 112, 26, 255])
Hill((578, 875); 3; [15, 112, 26, 255])
Hill((452, 896); 3; [15, 112, 26, 255])
Hill((567, 874); 3; [15, 112, 26, 255])
Hill((468, 854); 3; [15, 112, 26, 255])
Hill((619, 185); 3; [15, 112, 26, 255])
Hill((769, 159); 3; [15, 112, 26, 255])
Hill((735, 170); 3; [15, 112, 26, 255])
Hill((665, 68); 3; [15, 112, 26, 255])
Hill((784, 108); 3; [15, 112, 26, 255])
Hill((718, 56); 3; [15, 112, 26, 255])
Hill((794, 18); 3; [15, 112, 26, 255])
Hill((757, 63); 3; [15, 112, 26, 255])
Hill((651, 79); 3; [15, 112, 26, 255])
Hill((712, 155); 3; [15, 112, 26, 255])
Hill((784, 198); 3; [15, 112, 26, 255])
Hill((733, 52); 3; [15, 112, 26, 255])
Hill((627, 117); 3; [15, 112, 26, 255])
Hill((782, 187); 3; [15, 112, 26, 255])
Hill((743, 183); 3; [15, 112, 26, 255])
Hill((653, 172); 3; [15, 112, 26, 255])
Hill((772, 155); 3; [15, 112, 26, 255])
Hill((614, 121); 3; [15, 112, 26, 255])
Hill((694, 59); 3; [15, 112, 26, 255])
Hill((677, 182); 3; [15, 112, 26, 255])
Hill((786, 75); 3; [15, 112, 26, 255])
Hill((605, 83); 3; [15, 112, 26, 255])
Hill((683, 71); 3; [15, 112, 26, 255])
Hill((732, 42); 3; [15, 112, 26, 255])
Hill((647, 21); 3; [15, 112, 26, 255])
Hill((687, 112); 3; [15, 112, 26, 255])
Hill((638, 52); 3; [15, 112, 26, 255])
Hill((696, 122); 3; [15, 112, 26, 255])
Hill((729, 64); 3; [15, 112, 26, 255])
Hill((606, 12); 3; [15, 112, 26, 255])
Hill((607, 60); 3; [15, 112, 26, 255])
Hill((780, 73); 3; [15, 112, 26, 255])
Hill((699, 109); 3; [15, 112, 26, 255])
Hill((770, 29); 3; [15, 112, 26, 255])
Hill((668, 27); 3; [15, 112, 26, 255])
Hill((633, 83); 3; [15, 112, 26, 255])
Hill((773, 61); 3; [15, 112, 26, 255])
Hill((747, 48); 3; [15, 112, 26, 255])
Hill((798, 124); 3; [15, 112, 26, 255])
Hill((668, 92); 3; [15, 112, 26, 255])
Hill((743, 86); 3; [15, 112, 26, 255])
Hill((738, 188); 3; [15, 112, 26, 255])
Hill((709, 54); 3; [15, 112, 26, 255])
Hill((657, 182); 3; [15, 112, 26, 255])
Hill((608, 168); 3; [15, 112, 26, 255])
Hill((758, 9); 3; [15, 112, 26, 255])
Hill((743, 150); 3; [15, 112, 26, 255])
Hill((630, 141); 3; [15, 112, 26, 255])
Hill((605, 97); 3; [15, 112, 26, 255])
Hill((617, 42); 3; [15, 112, 26, 255])
Hill((795, 110); 3; [15, 112, 26, 255])
Hill((627, 88); 3; [15, 112, 26, 255])
Hill((683, 193); 3; [15, 112, 26, 255])
Hill((801, 152); 3; [15, 112, 26, 255])
Hill((757, 71); 3; [15, 112, 26, 255])
Hill((757, 176); 3; [15, 112, 26, 255])
House((734, 369); 10; 10; [200, 112, 70, 255]; [112, 70, 40, 255]; [80, 70, 65, 255])
Hill((648, 277); 3; [15, 112, 26, 255])
Tree((755, 333); 7; 20; [45, 200, 3, 255]; [112, 52, 3, 255]; 1)
Tree((749, 392); 7; 20; [45, 200, 3, 255]; [112, 52, 3, 255]; 1)
Hill((620, 342); 3; [15, 112, 26, 255])
Hill((667, 258); 3; [15, 112, 26, 255])
Hill((643, 201); 3; [15, 112, 26, 255])
House((727, 384); 10; 10; [200, 112, 70, 255]; [112, 70, 40, 255]; [80, 70, 65, 255])
Hill((716, 303); 3; [15, 112, 26, 255])
Hill((619, 361); 3; [15, 112, 26, 255])
Hill((686, 291); 3; [15, 112, 26, 255])
Hill((694, 216); 3; [15, 112, 26, 255])
Hill((688, 229); 3; [15, 112, 26, 255])
Tree((796, 332); 7; 20; [45, 200, 3, 255]; [112, 52, 3, 255]; 1)
Hill((686, 305); 3; [15, 112, 26, 255])
Hill((682, 297); 3; [15, 112, 26, 255])
Hill((775, 242); 3; [15, 112, 26, 255])
Hill((680, 334); 3; [15, 112, 26, 255])
Hill((643, 283); 3; [15, 112, 26, 255])
Hill((631, 233); 3; [15, 112, 26, 255])
Hill((603, 304); 3; [15, 112, 26, 255])
Hill((658, 222); 3; [15, 112, 26, 255])
Hill((659, 236); 3; [15, 112, 26, 255])
House((759, 375); 10; 10; [200, 112, 70, 255]; [112, 70, 40, 255]; [80, 70, 65, 255])
House((794, 363); 10; 10; [200, 112, 70, 255]; [112, 70, 40, 255]; [80, 70, 65, 255])
Hill((677, 375); 3; [15, 112, 26, 255])
Hill((616, 306); 3; [15, 112, 26, 255])
Hill((638, 302); 3; [15, 112, 26, 255])
Hill((669, 222); 3; [15, 112, 26, 255])
Hill((771, 272); 3; [15, 112, 26, 255])
Hill((711, 221); 3; [15, 112, 26, 255])
Hill((690, 328); 3; [15, 112, 26, 255])
Hill((648, 268); 3; [15, 112, 26, 255])
Hill((711, 242); 3; [15, 112, 26, 255])
Hill((789, 256); 3; [15, 112, 26, 255])
Hill((784, 281); 3; [15, 112, 26, 255])
Hill((666, 374); 3; [15, 112, 26, 255])
Hill((676, 370); 3; [15, 112, 26, 255])
Hill((639, 295); 3; [15, 112, 26, 255])
Hill((607, 355); 3; [15, 112, 26, 255])
Hill((676, 373); 3; [15, 112, 26, 255])
Hill((624, 314); 3; [15, 112, 26, 255])
Hill((761, 321); 3; [15, 112, 26, 255])
Hill((772, 297); 3; [15, 112, 26, 255])
Tree((709, 398); 7; 20; [45, 200, 3, 255]; [112, 52, 3, 255]; 1)
Hill((791, 282); 3; [15, 112, 26, 255])
Tree((770, 471); 7; 20; [45, 200, 3, 255]; [112, 52, 3, 255]; 1)
Tree((794, 499); 7; 20; [45, 200, 3, 255]; [112, 52, 3, 255]; 1)
House((801, 412); 10; 10; [200, 112, 70, 255]; [112, 70, 40, 255]; [80, 70, 65, 255])
Tree((683, 406); 7; 20; [45, 200, 3, 255]; [112, 52, 3, 255]; 1)
House((804, 516); 10; 10; [200, 112, 70, 255]; [112, 70, 40, 255]; [80, 70, 65, 255])
Tree((659, 453); 7; 20; [45, 200, 3, 255]; [112, 52, 3, 255]; 1)
Hill((647, 406); 3; [15, 112, 26, 255])
Hill((649, 401); 3; [15, 112, 26, 255])
Tree((750, 454); 7; 20; [45, 200, 3, 255]; [112, 52, 3, 255]; 1)
Tree((709, 432); 7; 20; [45, 200, 3, 255]; [112, 52, 3, 255]; 1)
House((729, 494); 10; 10; [200, 112, 70, 255]; [112, 70, 40, 255]; [80, 70, 65, 255])
House((662, 429); 10; 10; [200, 112, 70, 255]; [112, 70, 40, 255]; [80, 70, 65, 255])
House((703, 413); 10; 10; [200, 112, 70, 255]; [112, 70, 40, 255]; [80, 70, 65, 255])
Tree((749, 484); 7; 20; [45, 200, 3, 255]; [112, 52, 3, 255]; 1)
Hill((614, 795); 3; [15, 112, 26, 255])
Hill((615, 789); 3; [15, 112, 26, 255])
Hill((604, 756); 3; [15, 112, 26, 255])
Hill((612, 737); 3; [15, 112, 26, 255])
Hill((616, 756); 3; [15, 112, 26, 255])
Hill((620, 753); 3; [15, 112, 26, 255])
Hill((606, 738); 3; [15, 112, 26, 255])
Hill((633, 782); 3; [15, 112, 26, 255])
Hill((663, 898); 3; [15, 112, 26, 255])
Hill((689, 898); 3; [15, 112, 26, 255])
Hill((684, 890); 3; [15, 112, 26, 255])
Hill((626, 845); 3; [15, 112, 26, 255])
Hill((623, 870); 3; [15, 112, 26, 255])
Hill((661, 850); 3; [15, 112, 26, 255])
Hill((639, 905); 3; [15, 112, 26, 255])
Hill((662, 856); 3; [15, 112, 26, 255])
Hill((631, 914); 3; [15, 112, 26, 255])
Hill((619, 803); 3; [15, 112, 26, 255])
Hill((613, 902); 3; [15, 112, 26, 255])
Hill((632, 920); 3; [15, 112, 26, 255])
Hill((652, 829); 3; [15, 112, 26, 255])
Hill((607, 897); 3; [15, 112, 26, 255])
Hill((676, 883); 3; [15, 112, 26, 255])
Hill((673, 856); 3; [15, 112, 26, 255])
Hill((612, 801); 3; [15, 112, 26, 255])
Hill((663, 817); 3; [15, 112, 26, 255])
Hill((685, 887); 3; [15, 112, 26, 255])
Hill((650, 888); 3; [15, 112, 26, 255])
Hill((645, 815); 3; [15, 112, 26, 255])
Hill((698, 902); 3; [15, 112, 26, 255])
Hill((679, 845); 3; [15, 112, 26, 255])
Hill((634, 827); 3; [15, 112, 26, 255])
Hill((630, 806); 3; [15, 112, 26, 255])
Hill((688, 896); 3; [15, 112, 26, 255])
Hill((613, 880); 3; [15, 112, 26, 255])
Hill((635, 803); 3; [15, 112, 26, 255])
Hill((650, 822); 3; [15, 112, 26, 255])
Hill((616, 875); 3; [15, 112, 26, 255])
Hill((670, 885); 3; [15, 112, 26, 255])
Hill((680, 873); 3; [15, 112, 26, 255])
Hill((690, 887); 3; [15, 112, 26, 255])
Hill((628, 840); 3; [15, 112, 26, 255])
House((894, 185); 10; 10; [200, 112, 70, 255]; [112, 70, 40, 255]; [80, 70, 65, 255])
House((983, 101); 10; 10; [200, 112, 70, 255]; [112, 70, 40, 255]; [80, 70, 65, 255])
House((894, 143); 10; 10; [200, 112, 70, 255]; [112, 70, 40, 255]; [80, 70, 65, 255])
House((973, 20); 10; 10; [200, 112, 70, 255]; [112, 70, 40, 255]; [80, 70, 65, 255])
Tree((927, 10); 10; 20; [30, 9, 25, 255]; [95, 60, 0, 255]; 2)
Tree((930, 139); 10; 20; [30, 9, 25, 255]; [95, 60, 0, 255]; 2)
Tree((946, 17); 10; 20; [30, 9, 25, 255]; [95, 60, 0, 255]; 2)
Tree((1001, 14); 10; 20; [30, 9, 25, 255]; [95, 60, 0, 255]; 2)
Hill((827, 21); 3; [15, 112, 26, 255])
Tree((962, 9); 10; 20; [30, 9, 25, 255]; [95, 60, 0, 255]; 2)
Tree((941, 37); 10; 20; [30, 9, 25, 255]; [95, 60, 0, 255]; 2)
Tree((976, 68); 10; 20; [30, 9, 25, 255]; [95, 60, 0, 255]; 2)
Tree((962, 105); 10; 20; [30, 9, 25, 255]; [95, 60, 0, 255]; 2)
Tree((927, 49); 10; 20; [30, 9, 25, 255]; [95, 60, 0, 255]; 2)
Hill((817, 54); 3; [15, 112, 26, 255])
Hill((871, 162); 3; [15, 112, 26, 255])
House((964, 197); 10; 10; [200, 112, 70, 255]; [112, 70, 40, 255]; [80, 70, 65, 255])
House((903, 187); 10; 10; [200, 112, 70, 255]; [112, 70, 40, 255]; [80, 70, 65, 255])
Tree((886, 155); 10; 20; [30, 9, 25, 255]; [95, 60, 0, 255]; 2)
Hill((836, 40); 3; [15, 112, 26, 255])
House((948, 88); 10; 10; [200, 112, 70, 255]; [112, 70, 40, 255]; [80, 70, 65, 255])
Hill((844, 53); 3; [15, 112, 26, 255])
Tree((977, 117); 10; 20; [30, 9, 25, 255]; [95, 60, 0, 255]; 2)
House((901, 115); 10; 10; [200, 112, 70, 255]; [112, 70, 40, 255]; [80, 70, 65, 255])
Hill((853, 60); 3; [15, 112, 26, 255])
Hill((840, 35); 3; [15, 112, 26, 255])
House((953, 75); 10; 10; [200, 112, 70, 255]; [112, 70, 40, 255]; [80, 70, 65, 255])
Hill((805, 87); 3; [15, 112, 26, 255])
Tree((969, 136); 10; 20; [30, 9, 25, 255]; [95, 60, 0, 255]; 2)
Tree((978, 158); 10; 20; [30, 9, 25, 255]; [95, 60, 0, 255]; 2)
Hill((809, 167); 3; [15, 112, 26, 255])
Hill((819, 146); 3; [15, 112, 26, 255])
Hill((870, 44); 3; [15, 112, 26, 255])
Hill((837, 19); 3; [15, 112, 26, 255])
Hill((820, 66); 3; [15, 112, 26, 255])
Hill((871, 63); 3; [15, 112, 26, 255])
Hill((871, 19); 3; [15, 112, 26, 255])
Tree((921, 77); 10; 20; [30, 9, 25, 255]; [95, 60, 0, 255]; 2)
Tree((911, 22); 10; 20; [30, 9, 25, 255]; [95, 60, 0, 255]; 2)
Hill((816, 170); 3; [15, 112, 26, 255])
Hill((828, 163); 3; [15, 112, 26, 255])
Hill((849, 100); 3; [15, 112, 26, 255])
Tree((945, 152); 10; 20; [30, 9, 25, 255]; [95, 60, 0, 255]; 2)
Tree((894, 89); 10; 20; [30, 9, 25, 255]; [95, 60, 0, 255]; 2)
Hill((827, 42); 3; [15, 112, 26, 255])
Hill((853, 11); 3; [15, 112, 26, 255])
Hill((805, 37); 3; [15, 112, 26, 255])
Hill((853, 88); 3; [15, 112, 26, 255])
Hill((875, 144); 3; [15, 112, 26, 255])
Tree((996, 197); 10; 20; [30, 9, 25, 255]; [95, 60, 0, 255]; 2)
House((952, 29); 10; 10; [200, 112, 70, 255]; [112, 70, 40, 255]; [80, 70, 65, 255])
Hill((807, 149); 3; [15, 112, 26, 255])
Hill((849, 126); 3; [15, 112, 26, 255])
Hill((826, 101); 3; [15, 112, 26, 255])
House((984, 220); 10; 10; [200, 112, 70, 255]; [112, 70, 40, 255]; [80, 70, 65, 255])
Tree((918, 336); 7; 20; [45, 200, 3, 255]; [112, 52, 3, 255]; 1)
Tree((847, 335); 7; 20; [45, 200, 3, 255]; [112, 52, 3, 255]; 1)
House((932, 290); 10; 10; [200, 112, 70, 255]; [112, 70, 40, 255]; [80, 70, 65, 255])
Tree((952, 370); 7; 20; [45, 200, 3, 255]; [112, 52, 3, 255]; 1)
Hill((828, 212); 3; [15, 112, 26, 255])
Tree((965, 360); 7; 20; [45, 200, 3, 255]; [112, 52, 3, 255]; 1)
Tree((945, 345); 7; 20; [45, 200, 3, 255]; [112, 52, 3, 255]; 1)
House((902, 223); 10; 10; [200, 112, 70, 255]; [112, 70, 40, 255]; [80, 70, 65, 255])
Tree((981, 367); 7; 20; [45, 200, 3, 255]; [112, 52, 3, 255]; 1)
House((922, 238); 10; 10; [200, 112, 70, 255]; [112, 70, 40, 255]; [80, 70, 65, 255])
Tree((895, 342); 7; 20; [45, 200, 3, 255]; [112, 52, 3, 255]; 1)
Hill((811, 221); 3; [15, 112, 26, 255])
House((951, 355); 10; 10; [200, 112, 70, 255]; [112, 70, 40, 255]; [80, 70, 65, 255])
House((892, 215); 10; 10; [200, 112, 70, 255]; [112, 70, 40, 255]; [80, 70, 65, 255])
House((842, 399); 10; 10; [200, 112, 70, 255]; [112, 70, 40, 255]; [80, 70, 65, 255])
Tree((867, 283); 7; 20; [45, 200, 3, 255]; [112, 52, 3, 255]; 1)
House((966, 259); 10; 10; [200, 112, 70, 255]; [112, 70, 40, 255]; [80, 70, 65, 255])
Hill((856, 250); 3; [15, 112, 26, 255])
House((884, 203); 10; 10; [200, 112, 70, 255]; [112, 70, 40, 255]; [80, 70, 65, 255])
Hill((834, 270); 3; [15, 112, 26, 255])
Tree((838, 363); 7; 20; [45, 200, 3, 255]; [112, 52, 3, 255]; 1)
House((886, 353); 10; 10; [200, 112, 70, 255]; [112, 70, 40, 255]; [80, 70, 65, 255])
House((994, 225); 10; 10; [200, 112, 70, 255]; [112, 70, 40, 255]; [80, 70, 65, 255])
Tree((950, 208); 10; 20; [30, 9, 25, 255]; [95, 60, 0, 255]; 2)
Tree((871, 386); 7; 20; [45, 200, 3, 255]; [112, 52, 3, 255]; 1)
Tree((870, 249); 7; 20; [45, 200, 3, 255]; [112, 52, 3, 255]; 1)
Tree((998, 242); 10; 20; [30, 9, 25, 255]; [95, 60, 0, 255]; 2)
Tree((893, 277); 7; 20; [45, 200, 3, 255]; [112, 52, 3, 255]; 1)
Tree((930, 205); 10; 20; [30, 9, 25, 255]; [95, 60, 0, 255]; 2)
House((857, 344); 10; 10; [200, 112, 70, 255]; [112, 70, 40, 255]; [80, 70, 65, 255])
Tree((840, 290); 7; 20; [45, 200, 3, 255]; [112, 52, 3, 255]; 1)
House((1000, 345); 10; 10; [200, 112, 70, 255]; [112, 70, 40, 255]; [80, 70, 65, 255])
House((825, 341); 10; 10; [200, 112, 70, 255]; [112, 70, 40, 255]; [80, 70, 65, 255])
House((918, 252); 10; 10; [200, 112, 70, 255]; [112, 70, 40, 255]; [80, 70, 65, 255])
House((861, 270); 10; 10; [200, 112, 70, 255]; [112, 70, 40, 255]; [80, 70, 65, 255])
Tree((928, 319); 7; 20; [45, 200, 3, 255]; [112, 52, 3, 255]; 1)
Tree((956, 225); 10; 20; [30, 9, 25, 255]; [95, 60, 0, 255]; 2)
Hill((867, 215); 3; [15, 112, 26, 255])
House((995, 274); 10; 10; [200, 112, 70, 255]; [112, 70, 40, 255]; [80, 70, 65, 255])
House((861, 371); 10; 10; [200, 112, 70, 255]; [112, 70, 40, 255]; [80, 70, 65, 255])
Hill((820, 234); 3; [15, 112, 26, 255])
House((922, 382); 10; 10; [200, 112, 70, 255]; [112, 70, 40, 255]; [80, 70, 65, 255])
Tree((980, 325); 7; 20; [45, 200, 3, 255]; [112, 52, 3, 255]; 1)
House((913, 224); 10; 10; [200, 112, 70, 255]; [112, 70, 40, 255]; [80, 70, 65, 255])
Tree((855, 361); 7; 20; [45, 200, 3, 255]; [112, 52, 3, 255]; 1)
Tree((835, 413); 7; 20; [45, 200, 3, 255]; [112, 52, 3, 255]; 1)
Tree((1001, 460); 7; 20; [45, 200, 3, 255]; [112, 52, 3, 255]; 1)
Tree((871, 439); 7; 20; [45, 200, 3, 255]; [112, 52, 3, 255]; 1)
Tree((965, 523); 7; 20; [45, 200, 3, 255]; [112, 52, 3, 255]; 1)
House((848, 426); 10; 10; [200, 112, 70, 255]; [112, 70, 40, 255]; [80, 70, 65, 255])
House((829, 494); 10; 10; [200, 112, 70, 255]; [112, 70, 40, 255]; [80, 70, 65, 255])
Tree((886, 430); 7; 20; [45, 200, 3, 255]; [112, 52, 3, 255]; 1)
Tree((956, 427); 7; 20; [45, 200, 3, 255]; [112, 52, 3, 255]; 1)
Hill((920, 598); 3; [15, 112, 26, 255])
Tree((908, 530); 7; 20; [45, 200, 3, 255]; [112, 52, 3, 255]; 1)
Tree((841, 462); 7; 20; [45, 200, 3, 255]; [112, 52, 3, 255]; 1)
House((944, 464); 10; 10; [200, 112, 70, 255]; [112, 70, 40, 255]; [80, 70, 65, 255])
Hill((893, 599); 3; [15, 112, 26, 255])
Tree((893, 467); 7; 20; [45, 200, 3, 255]; [112, 52, 3, 255]; 1)
House((845, 498); 10; 10; [200, 112, 70, 255]; [112, 70, 40, 255]; [80, 70, 65, 255])
Tree((860, 539); 7; 20; [45, 200, 3, 255]; [112, 52, 3, 255]; 1)
Tree((845, 526); 7; 20; [45, 200, 3, 255]; [112, 52, 3, 255]; 1)
House((918, 497); 10; 10; [200, 112, 70, 255]; [112, 70, 40, 255]; [80, 70, 65, 255])
Tree((890, 400); 7; 20; [45, 200, 3, 255]; [112, 52, 3, 255]; 1)
Tree((855, 436); 7; 20; [45, 200, 3, 255]; [112, 52, 3, 255]; 1)
House((806, 437); 10; 10; [200, 112, 70, 255]; [112, 70, 40, 255]; [80, 70, 65, 255])
House((874, 463); 10; 10; [200, 112, 70, 255]; [112, 70, 40, 255]; [80, 70, 65, 255])
House((932, 547); 10; 10; [200, 112, 70, 255]; [112, 70, 40, 255]; [80, 70, 65, 255])
House((906, 435); 10; 10; [200, 112, 70, 255]; [112, 70, 40, 255]; [80, 70, 65, 255])
Tree((993, 453); 7; 20; [45, 200, 3, 255]; [112, 52, 3, 255]; 1)
Tree((816, 487); 7; 20; [45, 200, 3, 255]; [112, 52, 3, 255]; 1)
Tree((823, 510); 7; 20; [45, 200, 3, 255]; [112, 52, 3, 255]; 1)
Tree((872, 518); 7; 20; [45, 200, 3, 255]; [112, 52, 3, 255]; 1)
House((908, 560); 10; 10; [200, 112, 70, 255]; [112, 70, 40, 255]; [80, 70, 65, 255])
House((827, 451); 10; 10; [200, 112, 70, 255]; [112, 70, 40, 255]; [80, 70, 65, 255])
House((861, 461); 10; 10; [200, 112, 70, 255]; [112, 70, 40, 255]; [80, 70, 65, 255])
House((885, 473); 10; 10; [200, 112, 70, 255]; [112, 70, 40, 255]; [80, 70, 65, 255])
Tree((898, 572); 7; 20; [45, 200, 3, 255]; [112, 52, 3, 255]; 1)
House((973, 504); 10; 10; [200, 112, 70, 255]; [112, 70, 40, 255]; [80, 70, 65, 255])
House((889, 496); 10; 10; [200, 112, 70, 255]; [112, 70, 40, 255]; [80, 70, 65, 255])
Tree((965, 402); 7; 20; [45, 200, 3, 255]; [112, 52, 3, 255]; 1)
Tree((818, 456); 7; 20; [45, 200, 3, 255]; [112, 52, 3, 255]; 1)
Hill((900, 623); 3; [15, 112, 26, 255])
Hill((895, 608); 3; [15, 112, 26, 255])
Hill((912, 639); 3; [15, 112, 26, 255])
Hill((954, 623); 3; [15, 112, 26, 255])
Hill((918, 662); 3; [15, 112, 26, 255])
Hill((948, 662); 3; [15, 112, 26, 255])
Hill((997, 649); 3; [15, 112, 26, 255])
Hill((936, 634); 3; [15, 112, 26, 255])
Hill((926, 643); 3; [15, 112, 26, 255])
Hill((923, 673); 3; [15, 112, 26, 255])
Hill((913, 628); 3; [15, 112, 26, 255])
Hill((914, 624); 3; [15, 112, 26, 255])
Hill((949, 669); 3; [15, 112, 26, 255])
Hill((974, 664); 3; [15, 112, 26, 255])
Hill((992, 628); 3; [15, 112, 26, 255])
Hill((919, 614); 3; [15, 112, 26, 255])
Hill((997, 674); 3; [15, 112, 26, 255])
Hill((993, 652); 3; [15, 112, 26, 255])
Hill((905, 641); 3; [15, 112, 26, 255])
Hill((985, 676); 3; [15, 112, 26, 255])
Hill((982, 618); 3; [15, 112, 26, 255])
Hill((1002, 682); 3; [15, 112, 26, 255])
Hill((927, 633); 3; [15, 112, 26, 255])
Hill((954, 669); 3; [15, 112, 26, 255])
Hill((947, 634); 3; [15, 112, 26, 255])
Hill((974, 679); 3; [15, 112, 26, 255])
Hill((903, 629); 3; [15, 112, 26, 255])
Hill((908, 619); 3; [15, 112, 26, 255])
Hill((973, 687); 3; [15, 112, 26, 255])
Hill((940, 612); 3; [15, 112, 26, 255])
Hill((918, 639); 3; [15, 112, 26, 255])
Hill((995, 681); 3; [15, 112, 26, 255])
Hill((966, 656); 3; [15, 112, 26, 255])
Hill((990, 655); 3; [15, 112, 26, 255])
Hill((952, 608); 3; [15, 112, 26, 255])
Hill((1000, 637); 3; [15, 112, 26, 255])
Hill((937, 640); 3; [15, 112, 26, 255])
Hill((936, 610); 3; [15, 112, 26, 255])
Hill((946, 649); 3; [15, 112, 26, 255])
Hill((935, 637); 3; [15, 112, 26, 255])
Hill((961, 622); 3; [15, 112, 26, 255])
Hill((998, 635); 3; [15, 112, 26, 255])
Hill((903, 632); 3; [15, 112, 26, 255])
Hill((945, 619); 3; [15, 112, 26, 255])
Hill((944, 661); 3; [15, 112, 26, 255])
Hill((940, 619); 3; [15, 112, 26, 255])
Hill((904, 618); 3; [15, 112, 26, 255])
Hill((954, 679); 3; [15, 112, 26, 255])
Hill((955, 655); 3; [15, 112, 26, 255])
Tree((1106, 132); 10; 20; [30, 9, 25, 255]; [95, 60, 0, 255]; 2)
House((1122, 16); 10; 10; [200, 112, 70, 255]; [112, 70, 40, 255]; [80, 70, 65, 255])
House((1173, 122); 10; 10; [200, 112, 70, 255]; [112, 70, 40, 255]; [80, 70, 65, 255])
House((1145, 77); 10; 10; [200, 112, 70, 255]; [112, 70, 40, 255]; [80, 70, 65, 255])
House((1013, 174); 10; 10; [200, 112, 70, 255]; [112, 70, 40, 255]; [80, 70, 65, 255])
House((1129, 111); 10; 10; [200, 112, 70, 255]; [112, 70, 40, 255]; [80, 70, 65, 255])
House((1031, 86); 10; 10; [200, 112, 70, 255]; [112, 70, 40, 255]; [80, 70, 65, 255])
House((1050, 83); 10; 10; [200, 112, 70, 255]; [112, 70, 40, 255]; [80, 70, 65, 255])
Tree((1169, 55); 10; 20; [30, 9, 25, 255]; [95, 60, 0, 255]; 2)
House((1165, 14); 10; 10; [200, 112, 70, 255]; [112, 70, 40, 255]; [80, 70, 65, 255])
House((1018, 48); 10; 10; [200, 112, 70, 255]; [112, 70, 40, 255]; [80, 70, 65, 255])
House((1027, 117); 10; 10; [200, 112, 70, 255]; [112, 70, 40, 255]; [80, 70, 65, 255])
House((1045, 150); 10; 10; [200, 112, 70, 255]; [112, 70, 40, 255]; [80, 70, 65, 255])
House((1059, 175); 10; 10; [200, 112, 70, 255]; [112, 70, 40, 255]; [80, 70, 65, 255])
Tree((1097, 1); 10; 20; [30, 9, 25, 255]; [95, 60, 0, 255]; 2)
Tree((1076, 124); 10; 20; [30, 9, 25, 255]; [95, 60, 0, 255]; 2)
Tree((1116, 4); 10; 20; [30, 9, 25, 255]; [95, 60, 0, 255]; 2)
Tree((1045, 46); 10; 20; [30, 9, 25, 255]; [95, 60, 0, 255]; 2)
House((1162, 74); 10; 10; [200, 112, 70, 255]; [112, 70, 40, 255]; [80, 70, 65, 255])
House((1203, 74); 10; 10; [200, 112, 70, 255]; [112, 70, 40, 255]; [80, 70, 65, 255])
Tree((1139, 49); 10; 20; [30, 9, 25, 255]; [95, 60, 0, 255]; 2)
House((1151, 61); 10; 10; [200, 112, 70, 255]; [112, 70, 40, 255]; [80, 70, 65, 255])
Tree((1131, 144); 10; 20; [30, 9, 25, 255]; [95, 60, 0, 255]; 2)
Tree((1144, 16); 10; 20; [30, 9, 25, 255]; [95, 60, 0, 255]; 2)
Tree((1111, 100); 10; 20; [30, 9, 25, 255]; [95, 60, 0, 255]; 2)
House((1193, 15); 10; 10; [200, 112, 70, 255]; [112, 70, 40, 255]; [80, 70, 65, 255])
Tree((1077, 149); 10; 20; [30, 9, 25, 255]; [95, 60, 0, 255]; 2)
Tree((1113, 40); 10; 20; [30, 9, 25, 255]; [95, 60, 0, 255]; 2)
House((1027, 37); 10; 10; [200, 112, 70, 255]; [112, 70, 40, 255]; [80, 70, 65, 255])
House((1019, 184); 10; 10; [200, 112, 70, 255]; [112, 70, 40, 255]; [80, 70, 65, 255])
House((1083, 79); 10; 10; [200, 112, 70, 255]; [112, 70, 40, 255]; [80, 70, 65, 255])
House((1022, 89); 10; 10; [200, 112, 70, 255]; [112, 70, 40, 255]; [80, 70, 65, 255])
House((1017, 59); 10; 10; [200, 112, 70, 255]; [112, 70, 40, 255]; [80, 70, 65, 255])
Tree((1162, 116); 10; 20; [30, 9, 25, 255]; [95, 60, 0, 255]; 2)
Tree((1205, 133); 10; 20; [30, 9, 25, 255]; [95, 60, 0, 255]; 2)
House((1178, 139); 10; 10; [200, 112, 70, 255]; [112, 70, 40, 255]; [80, 70, 65, 255])
House((1096, 88); 10; 10; [200, 112, 70, 255]; [112, 70, 40, 255]; [80, 70, 65, 255])
Tree((1098, 121); 10; 20; [30, 9, 25, 255]; [95, 60, 0, 255]; 2)
Tree((1119, 155); 10; 20; [30, 9, 25, 255]; [95, 60, 0, 255]; 2)
Tree((1099, 171); 10; 20; [30, 9, 25, 255]; [95, 60, 0, 255]; 2)
House((1095, 54); 10; 10; [200, 112, 70, 255]; [112, 70, 40, 255]; [80, 70, 65, 255])
House((1115, 182); 10; 10; [200, 112, 70, 255]; [112, 70, 40, 255]; [80, 70, 65, 255])
House((1017, 72); 10; 10; [200, 112, 70, 255]; [112, 70, 40, 255]; [80, 70, 65, 255])
House((1107, 155); 10; 10; [200, 112, 70, 255]; [112, 70, 40, 255]; [80, 70, 65, 255])
Tree((1137, 88); 10; 20; [30, 9, 25, 255]; [95, 60, 0, 255]; 2)
Tree((1069, 15); 10; 20; [30, 9, 25, 255]; [95, 60, 0, 255]; 2)
Tree((1058, 41); 10; 20; [30, 9, 25, 255]; [95, 60, 0, 255]; 2)
House((1019, 101); 10; 10; [200, 112, 70, 255]; [112, 70, 40, 255]; [80, 70, 65, 255])
House((1086, 330); 10; 10; [200, 112, 70, 255]; [112, 70, 40, 255]; [80, 70, 65, 255])
House((1020, 338); 10; 10; [200, 112, 70, 255]; [112, 70, 40, 255]; [80, 70, 65, 255])
House((1090, 273); 10; 10; [200, 112, 70, 255]; [112, 70, 40, 255]; [80, 70, 65, 255])
House((1027, 242); 10; 10; [200, 112, 70, 255]; [112, 70, 40, 255]; [80, 70, 65, 255])
House((1072, 317); 10; 10; [200, 112, 70, 255]; [112, 70, 40, 255]; [80, 70, 65, 255])
House((1057, 222); 10; 10; [200, 112, 70, 255]; [112, 70, 40, 255]; [80, 70, 65, 255])
Tree((1032, 305); 10; 20; [30, 9, 25, 255]; [95, 60, 0, 255]; 2)
Tree((1093, 372); 10; 20; [30, 9, 25, 255]; [95, 60, 0, 255]; 2)
Tree((1079, 270); 10; 20; [30, 9, 25, 255]; [95, 60, 0, 255]; 2)
Tree((1082, 389); 10; 20; [30, 9, 25, 255]; [95, 60, 0, 255]; 2)
House((1121, 301); 10; 10; [200, 112, 70, 255]; [112, 70, 40, 255]; [80, 70, 65, 255])
House((1022, 298); 10; 10; [200, 112, 70, 255]; [112, 70, 40, 255]; [80, 70, 65, 255])
Tree((1050, 340); 10; 20; [30, 9, 25, 255]; [95, 60, 0, 255]; 2)
Tree((1004, 357); 7; 20; [45, 200, 3, 255]; [112, 52, 3, 255]; 1)
Tree((1076, 230); 10; 20; [30, 9, 25, 255]; [95, 60, 0, 255]; 2)
Mountain((1061, 369); 30; 80; [112, 112, 112, 255]; True; [255, 255, 255, 255])
House((1102, 274); 10; 10; [200, 112, 70, 255]; [112, 70, 40, 255]; [80, 70, 65, 255])
Tree((1130, 397); 10; 20; [30, 9, 25, 255]; [95, 60, 0, 255]; 2)
House((1129, 289); 10; 10; [200, 112, 70, 255]; [112, 70, 40, 255]; [80, 70, 65, 255])
House((1022, 396); 10; 10; [200, 112, 70, 255]; [112, 70, 40, 255]; [80, 70, 65, 255])
Tree((1148, 210); 10; 20; [30, 9, 25, 255]; [95, 60, 0, 255]; 2)
Tree((1115, 224); 10; 20; [30, 9, 25, 255]; [95, 60, 0, 255]; 2)
House((1067, 278); 10; 10; [200, 112, 70, 255]; [112, 70, 40, 255]; [80, 70, 65, 255])
Tree((1014, 255); 10; 20; [30, 9, 25, 255]; [95, 60, 0, 255]; 2)
House((1064, 351); 10; 10; [200, 112, 70, 255]; [112, 70, 40, 255]; [80, 70, 65, 255])
Tree((1160, 216); 10; 20; [30, 9, 25, 255]; [95, 60, 0, 255]; 2)
Tree((1058, 321); 10; 20; [30, 9, 25, 255]; [95, 60, 0, 255]; 2)
House((1173, 228); 10; 10; [200, 112, 70, 255]; [112, 70, 40, 255]; [80, 70, 65, 255])
House((1027, 361); 10; 10; [200, 112, 70, 255]; [112, 70, 40, 255]; [80, 70, 65, 255])
Tree((1135, 202); 10; 20; [30, 9, 25, 255]; [95, 60, 0, 255]; 2)
Tree((1094, 223); 10; 20; [30, 9, 25, 255]; [95, 60, 0, 255]; 2)
House((1008, 333); 10; 10; [200, 112, 70, 255]; [112, 70, 40, 255]; [80, 70, 65, 255])
Tree((1101, 292); 10; 20; [30, 9, 25, 255]; [95, 60, 0, 255]; 2)
House((1141, 256); 10; 10; [200, 112, 70, 255]; [112, 70, 40, 255]; [80, 70, 65, 255])
House((1041, 320); 10; 10; [200, 112, 70, 255]; [112, 70, 40, 255]; [80, 70, 65, 255])
Tree((1015, 219); 10; 20; [30, 9, 25, 255]; [95, 60, 0, 255]; 2)
House((1077, 341); 10; 10; [200, 112, 70, 255]; [112, 70, 40, 255]; [80, 70, 65, 255])
Mountain((1192, 580); 30; 80; [112, 112, 112, 255]; True; [255, 255, 255, 255])
Tree((1180, 463); 10; 20; [30, 9, 25, 255]; [95, 60, 0, 255]; 2)
Tree((1138, 476); 10; 20; [30, 9, 25, 255]; [95, 60, 0, 255]; 2)
Mountain((1162, 531); 30; 80; [112, 112, 112, 255]; True; [255, 255, 255, 255])
Tree((1111, 472); 10; 20; [30, 9, 25, 255]; [95, 60, 0, 255]; 2)
Mountain((1070, 513); 30; 80; [112, 112, 112, 255]; True; [255, 255, 255, 255])
Tree((1124, 541); 10; 20; [30, 9, 25, 255]; [95, 60, 0, 255]; 2)
Tree((1151, 589); 10; 20; [30, 9, 25, 255]; [95, 60, 0, 255]; 2)
Mountain((1094, 551); 30; 80; [112, 112, 112, 255]; True; [255, 255, 255, 255])
Tree((1169, 485); 10; 20; [30, 9, 25, 255]; [95, 60, 0, 255]; 2)
Tree((1136, 531); 10; 20; [30, 9, 25, 255]; [95, 60, 0, 255]; 2)
Tree((1110, 410); 10; 20; [30, 9, 25, 255]; [95, 60, 0, 255]; 2)
Tree((1166, 458); 10; 20; [30, 9, 25, 255]; [95, 60, 0, 255]; 2)
Tree((1132, 580); 10; 20; [30, 9, 25, 255]; [95, 60, 0, 255]; 2)
Tree((1147, 446); 10; 20; [30, 9, 25, 255]; [95, 60, 0, 255]; 2)
Mountain((1213, 457); 30; 80; [112, 112, 112, 255]; True; [255, 255, 255, 255])
Tree((1173, 508); 10; 20; [30, 9, 25, 255]; [95, 60, 0, 255]; 2)
Tree((1148, 400); 10; 20; [30, 9, 25, 255]; [95, 60, 0, 255]; 2)
Tree((1083, 479); 10; 20; [30, 9, 25, 255]; [95, 60, 0, 255]; 2)
Tree((1099, 454); 10; 20; [30, 9, 25, 255]; [95, 60, 0, 255]; 2)
Tree((1189, 545); 10; 20; [30, 9, 25, 255]; [95, 60, 0, 255]; 2)
Tree((1133, 451); 10; 20; [30, 9, 25, 255]; [95, 60, 0, 255]; 2)
Tree((1024, 435); 7; 20; [45, 200, 3, 255]; [112, 52, 3, 255]; 1)
Tree((1119, 563); 10; 20; [30, 9, 25, 255]; [95, 60, 0, 255]; 2)
Tree((1049, 429); 10; 20; [30, 9, 25, 255]; [95, 60, 0, 255]; 2)
Tree((1087, 428); 10; 20; [30, 9, 25, 255]; [95, 60, 0, 255]; 2)
Tree((1147, 480); 10; 20; [30, 9, 25, 255]; [95, 60, 0, 255]; 2)
Tree((1031, 410); 7; 20; [45, 200, 3, 255]; [112, 52, 3, 255]; 1)
Tree((1175, 426); 10; 20; [30, 9, 25, 255]; [95, 60, 0, 255]; 2)
Tree((1113, 540); 10; 20; [30, 9, 25, 255]; [95, 60, 0, 255]; 2)
Hill((1054, 700); 3; [15, 112, 26, 255])
Hill((1061, 685); 3; [15, 112, 26, 255])
Hill((1018, 679); 3; [15, 112, 26, 255])
Hill((1075, 679); 3; [15, 112, 26, 255])
Mountain((1149, 631); 30; 80; [112, 112, 112, 255]; True; [255, 255, 255, 255])
Hill((1089, 669); 3; [15, 112, 26, 255])
Hill((1025, 638); 3; [15, 112, 26, 255])
Hill((1056, 676); 3; [15, 112, 26, 255])
Hill((1101, 723); 3; [15, 112, 26, 255])
Hill((1120, 701); 3; [15, 112, 26, 255])
Hill((1014, 662); 3; [15, 112, 26, 255])
Hill((1023, 660); 3; [15, 112, 26, 255])
Hill((1101, 703); 3; [15, 112, 26, 255])
Hill((1031, 678); 3; [15, 112, 26, 255])
Hill((1100, 679); 3; [15, 112, 26, 255])
Tree((1165, 655); 10; 20; [30, 9, 25, 255]; [95, 60, 0, 255]; 2)
Hill((1125, 687); 3; [15, 112, 26, 255])
Hill((1011, 669); 3; [15, 112, 26, 255])
Tree((1122, 600); 10; 20; [30, 9, 25, 255]; [95, 60, 0, 255]; 2)
Hill((1136, 679); 3; [15, 112, 26, 255])
Hill((1090, 664); 3; [15, 112, 26, 255])
Hill((1091, 691); 3; [15, 112, 26, 255])
Hill((1108, 701); 3; [15, 112, 26, 255])
Hill((1081, 714); 3; [15, 112, 26, 255])
Hill((1054, 640); 3; [15, 112, 26, 255])
Hill((1114, 701); 3; [15, 112, 26, 255])
Hill((1003, 653); 3; [15, 112, 26, 255])
Hill((1115, 661); 3; [15, 112, 26, 255])
Hill((1118, 668); 3; [15, 112, 26, 255])
Hill((1064, 673); 3; [15, 112, 26, 255])
Tree((1155, 610); 10; 20; [30, 9, 25, 255]; [95, 60, 0, 255]; 2)
Hill((1025, 673); 3; [15, 112, 26, 255])
Tree((1140, 609); 10; 20; [30, 9, 25, 255]; [95, 60, 0, 255]; 2)
Hill((1031, 666); 3; [15, 112, 26, 255])
Hill((1065, 707); 3; [15, 112, 26, 255])
Hill((1059, 655); 3; [15, 112, 26, 255])
Hill((1056, 704); 3; [15, 112, 26, 255])
Hill((1081, 654); 3; [15, 112, 26, 255])
Hill((1039, 688); 3; [15, 112, 26, 255])
Hill((1020, 641); 3; [15, 112, 26, 255])
Hill((1113, 708); 3; [15, 112, 26, 255])
Hill((1119, 691); 3; [15, 112, 26, 255])
Hill((1007, 645); 3; [15, 112, 26, 255])
Hill((1069, 693); 3; [15, 112, 26, 255])
Hill((1026, 685); 3; [15, 112, 26, 255])
Hill((1088, 709); 3; [15, 112, 26, 255])
Hill((1023, 652); 3; [15, 112, 26, 255])
Hill((1104, 687); 3; [15, 112, 26, 255])
Hill((1093, 710); 3; [15, 112, 26, 255])
Hill((1070, 685); 3; [15, 112, 26, 255])
House((1216, 137); 10; 10; [200, 112, 70, 255]; [112, 70, 40, 255]; [80, 70, 65, 255])
House((1221, 78); 10; 10; [200, 112, 70, 255]; [112, 70, 40, 255]; [80, 70, 65, 255])
Tree((1252, 102); 10; 20; [30, 9, 25, 255]; [95, 60, 0, 255]; 2)
Tree((1214, 98); 10; 20; [30, 9, 25, 255]; [95, 60, 0, 255]; 2)
House((1239, 3); 10; 10; [200, 112, 70, 255]; [112, 70, 40, 255]; [80, 70, 65, 255])
House((1208, 185); 10; 10; [200, 112, 70, 255]; [112, 70, 40, 255]; [80, 70, 65, 255])
House((1234, 76); 10; 10; [200, 112, 70, 255]; [112, 70, 40, 255]; [80, 70, 65, 255])
Tree((1213, 148); 10; 20; [30, 9, 25, 255]; [95, 60, 0, 255]; 2)
Tree((1249, 65); 10; 20; [30, 9, 25, 255]; [95, 60, 0, 255]; 2)
Tree((1219, 8); 10; 20; [30, 9, 25, 255]; [95, 60, 0, 255]; 2)
Tree((1224, 192); 10; 20; [30, 9, 25, 255]; [95, 60, 0, 255]; 2)
House((1236, 153); 10; 10; [200, 112, 70, 255]; [112, 70, 40, 255]; [80, 70, 65, 255])
Tree((1400, 378); 10; 20; [30, 9, 25, 255]; [95, 60, 0, 255]; 2)
Tree((1392, 305); 10; 20; [30, 9, 25, 255]; [95, 60, 0, 255]; 2)
Mountain((1382, 342); 30; 80; [112, 112, 112, 255]; True; [255, 255, 255, 255])
Tree((1365, 291); 10; 20; [30, 9, 25, 255]; [95, 60, 0, 255]; 2)
Tree((1395, 280); 10; 20; [30, 9, 25, 255]; [95, 60, 0, 255]; 2)
Tree((1391, 260); 10; 20; [30, 9, 25, 255]; [95, 60, 0, 255]; 2)
Tree((1212, 218); 10; 20; [30, 9, 25, 255]; [95, 60, 0, 255]; 2)
Tree((1322, 472); 7; 20; [45, 200, 3, 255]; [112, 52, 3, 255]; 1)
Tree((1315, 505); 7; 20; [45, 200, 3, 255]; [112, 52, 3, 255]; 1)
Tree((1218, 542); 10; 20; [30, 9, 25, 255]; [95, 60, 0, 255]; 2)
Tree((1386, 563); 7; 20; [45, 200, 3, 255]; [112, 52, 3, 255]; 1)
Mountain((1343, 511); 30; 80; [112, 112, 112, 255]; False; [255, 255, 255, 255])
Mountain((1396, 491); 30; 80; [112, 112, 112, 255]; False; [255, 255, 255, 255])
Tree((1329, 479); 7; 20; [45, 200, 3, 255]; [112, 52, 3, 255]; 1)
Tree((1369, 528); 7; 20; [45, 200, 3, 255]; [112, 52, 3, 255]; 1)
Tree((1268, 473); 7; 20; [45, 200, 3, 255]; [112, 52, 3, 255]; 1)
Tree((1377, 478); 7; 20; [45, 200, 3, 255]; [112, 52, 3, 255]; 1)
Tree((1398, 593); 7; 20; [45, 200, 3, 255]; [112, 52, 3, 255]; 1)
Tree((1209, 531); 10; 20; [30, 9, 25, 255]; [95, 60, 0, 255]; 2)
Mountain((1289, 490); 30; 80; [112, 112, 112, 255]; False; [255, 255, 255, 255])
Tree((1284, 466); 7; 20; [45, 200, 3, 255]; [112, 52, 3, 255]; 1)
Tree((1361, 517); 7; 20; [45, 200, 3, 255]; [112, 52, 3, 255]; 1)
Tree((1339, 465); 7; 20; [45, 200, 3, 255]; [112, 52, 3, 255]; 1)
Mountain((1369, 555); 30; 80; [112, 112, 112, 255]; False; [255, 255, 255, 255])
Tree((1559, 160); 10; 20; [30, 9, 25, 255]; [95, 60, 0, 255]; 2)
Tree((1557, 182); 10; 20; [30, 9, 25, 255]; [95, 60, 0, 255]; 2)
Mountain((1558, 37); 30; 80; [112, 112, 112, 255]; True; [255, 255, 255, 255])
Mountain((1605, 54); 30; 80; [112, 112, 112, 255]; True; [255, 255, 255, 255])
Tree((1527, 106); 10; 20; [30, 9, 25, 255]; [95, 60, 0, 255]; 2)
Tree((1527, 194); 10; 20; [30, 9, 25, 255]; [95, 60, 0, 255]; 2)
Tree((1569, 195); 10; 20; [30, 9, 25, 255]; [95, 60, 0, 255]; 2)
Mountain((1513, 162); 30; 80; [112, 112, 112, 255]; True; [255, 255, 255, 255])
Tree((1597, 161); 10; 20; [30, 9, 25, 255]; [95, 60, 0, 255]; 2)
Tree((1599, 16); 10; 20; [30, 9, 25, 255]; [95, 60, 0, 255]; 2)
Tree((1552, 145); 10; 20; [30, 9, 25, 255]; [95, 60, 0, 255]; 2)
Mountain((1574, 114); 30; 80; [112, 112, 112, 255]; True; [255, 255, 255, 255])
Tree((1579, 88); 10; 20; [30, 9, 25, 255]; [95, 60, 0, 255]; 2)
Tree((1545, 111); 10; 20; [30, 9, 25, 255]; [95, 60, 0, 255]; 2)
Mountain((1606, 199); 30; 80; [112, 112, 112, 255]; True; [255, 255, 255, 255])
Tree((1407, 364); 10; 20; [30, 9, 25, 255]; [95, 60, 0, 255]; 2)
Mountain((1557, 234); 30; 80; [112, 112, 112, 255]; True; [255, 255, 255, 255])
Mountain((1433, 288); 30; 80; [112, 112, 112, 255]; True; [255, 255, 255, 255])
Mountain((1604, 331); 30; 80; [112, 112, 112, 255]; False; [255, 255, 255, 255])
Mountain((1533, 347); 30; 80; [112, 112, 112, 255]; False; [255, 255, 255, 255])
Tree((1526, 213); 10; 20; [30, 9, 25, 255]; [95, 60, 0, 255]; 2)
Tree((1500, 304); 10; 20; [30, 9, 25, 255]; [95, 60, 0, 255]; 2)
Tree((1564, 330); 7; 20; [45, 200, 3, 255]; [112, 52, 3, 255]; 1)
Tree((1513, 294); 10; 20; [30, 9, 25, 255]; [95, 60, 0, 255]; 2)
Mountain((1469, 296); 30; 80; [112, 112, 112, 255]; True; [255, 255, 255, 255])
Tree((1510, 353); 10; 20; [30, 9, 25, 255]; [95, 60, 0, 255]; 2)
Tree((1408, 306); 10; 20; [30, 9, 25, 255]; [95, 60, 0, 255]; 2)
Tree((1483, 341); 10; 20; [30, 9, 25, 255]; [95, 60, 0, 255]; 2)
Tree((1564, 396); 7; 20; [45, 200, 3, 255]; [112, 52, 3, 255]; 1)
Tree((1479, 388); 10; 20; [30, 9, 25, 255]; [95, 60, 0, 255]; 2)
Tree((1585, 341); 7; 20; [45, 200, 3, 255]; [112, 52, 3, 255]; 1)
Tree((1459, 257); 10; 20; [30, 9, 25, 255]; [95, 60, 0, 255]; 2)
Tree((1522, 319); 7; 20; [45, 200, 3, 255]; [112, 52, 3, 255]; 1)
Tree((1462, 368); 10; 20; [30, 9, 25, 255]; [95, 60, 0, 255]; 2)
Tree((1454, 329); 10; 20; [30, 9, 25, 255]; [95, 60, 0, 255]; 2)
Tree((1437, 260); 10; 20; [30, 9, 25, 255]; [95, 60, 0, 255]; 2)
Tree((1482, 267); 10; 20; [30, 9, 25, 255]; [95, 60, 0, 255]; 2)
Tree((1419, 334); 10; 20; [30, 9, 25, 255]; [95, 60, 0, 255]; 2)
Tree((1495, 379); 10; 20; [30, 9, 25, 255]; [95, 60, 0, 255]; 2)
Mountain((1426, 395); 30; 80; [112, 112, 112, 255]; True; [255, 255, 255, 255])
Tree((1497, 357); 10; 20; [30, 9, 25, 255]; [95, 60, 0, 255]; 2)
Mountain((1585, 258); 30; 80; [112, 112, 112, 255]; True; [255, 255, 255, 255])
Tree((1533, 281); 10; 20; [30, 9, 25, 255]; [95, 60, 0, 255]; 2)
Mountain((1499, 245); 30; 80; [112, 112, 112, 255]; True; [255, 255, 255, 255])
Mountain((1477, 573); 30; 80; [112, 112, 112, 255]; False; [255, 255, 255, 255])
Tree((1475, 529); 7; 20; [45, 200, 3, 255]; [112, 52, 3, 255]; 1)
Tree((1563, 432); 7; 20; [45, 200, 3, 255]; [112, 52, 3, 255]; 1)
Tree((1457, 501); 7; 20; [45, 200, 3, 255]; [112, 52, 3, 255]; 1)
Tree((1446, 581); 7; 20; [45, 200, 3, 255]; [112, 52, 3, 255]; 1)
Tree((1437, 545); 7; 20; [45, 200, 3, 255]; [112, 52, 3, 255]; 1)
Mountain((1546, 558); 30; 80; [112, 112, 112, 255]; False; [255, 255, 255, 255])
Tree((1503, 449); 10; 20; [30, 9, 25, 255]; [95, 60, 0, 255]; 2)
Tree((1446, 475); 7; 20; [45, 200, 3, 255]; [112, 52, 3, 255]; 1)
Tree((1470, 440); 10; 20; [30, 9, 25, 255]; [95, 60, 0, 255]; 2)
Tree((1507, 485); 7; 20; [45, 200, 3, 255]; [112, 52, 3, 255]; 1)
Mountain((1506, 561); 30; 80; [112, 112, 112, 255]; False; [255, 255, 255, 255])
Tree((1418, 538); 7; 20; [45, 200, 3, 255]; [112, 52, 3, 255]; 1)
Tree((1583, 427); 7; 20; [45, 200, 3, 255]; [112, 52, 3, 255]; 1)
Tree((1589, 477); 7; 20; [45, 200, 3, 255]; [112, 52, 3, 255]; 1)
Tree((1496, 522); 7; 20; [45, 200, 3, 255]; [112, 52, 3, 255]; 1)
Tree((1438, 501); 7; 20; [45, 200, 3, 255]; [112, 52, 3, 255]; 1)
Tree((1447, 429); 10; 20; [30, 9, 25, 255]; [95, 60, 0, 255]; 2)
Tree((1494, 439); 10; 20; [30, 9, 25, 255]; [95, 60, 0, 255]; 2)
Tree((1472, 414); 10; 20; [30, 9, 25, 255]; [95, 60, 0, 255]; 2)
Tree((1457, 565); 7; 20; [45, 200, 3, 255]; [112, 52, 3, 255]; 1)
Tree((1505, 409); 10; 20; [30, 9, 25, 255]; [95, 60, 0, 255]; 2)
Tree((1485, 412); 10; 20; [30, 9, 25, 255]; [95, 60, 0, 255]; 2)
Tree((1601, 417); 7; 20; [45, 200, 3, 255]; [112, 52, 3, 255]; 1)
Mountain((1604, 451); 30; 80; [112, 112, 112, 255]; False; [255, 255, 255, 255])
Tree((1514, 505); 7; 20; [45, 200, 3, 255]; [112, 52, 3, 255]; 1)
Tree((1457, 482); 7; 20; [45, 200, 3, 255]; [112, 52, 3, 255]; 1)
Tree((1459, 436); 10; 20; [30, 9, 25, 255]; [95, 60, 0, 255]; 2)
Tree((1411, 528); 7; 20; [45, 200, 3, 255]; [112, 52, 3, 255]; 1)
Tree((1523, 407); 7; 20; [45, 200, 3, 255]; [112, 52, 3, 255]; 1)
Mountain((1419, 577); 30; 80; [112, 112, 112, 255]; False; [255, 255, 255, 255])
Mountain((1577, 514); 30; 80; [112, 112, 112, 255]; False; [255, 255, 255, 255])
Tree((1488, 497); 7; 20; [45, 200, 3, 255]; [112, 52, 3, 255]; 1)
Tree((1457, 589); 7; 20; [45, 200, 3, 255]; [112, 52, 3, 255]; 1)
Mountain((1533, 470); 30; 80; [112, 112, 112, 255]; False; [255, 255, 255, 255])
Mountain((1571, 728); 30; 80; [112, 112, 112, 255]; True; [255, 255, 255, 255])
Mountain((1502, 648); 30; 80; [112, 112, 112, 255]; True; [255, 255, 255, 255])
Tree((1528, 689); 10; 20; [30, 9, 25, 255]; [95, 60, 0, 255]; 2)
Mountain((1517, 752); 30; 80; [112, 112, 112, 255]; True; [255, 255, 255, 255])
Mountain((1548, 675); 30; 80; [112, 112, 112, 255]; True; [255, 255, 255, 255])
Tree((1522, 718); 10; 20; [30, 9, 25, 255]; [95, 60, 0, 255]; 2)
Tree((1570, 666); 10; 20; [30, 9, 25, 255]; [95, 60, 0, 255]; 2)
Tree((1521, 604); 7; 20; [45, 200, 3, 255]; [112, 52, 3, 255]; 1)
Tree((1540, 654); 10; 20; [30, 9, 25, 255]; [95, 60, 0, 255]; 2)
Tree((1591, 687); 10; 20; [30, 9, 25, 255]; [95, 60, 0, 255]; 2)
Tree((1590, 711); 10; 20; [30, 9, 25, 255]; [95, 60, 0, 255]; 2)
Tree((1428, 628); 7; 20; [45, 200, 3, 255]; [112, 52, 3, 255]; 1)
Tree((1405, 600); 7; 20; [45, 200, 3, 255]; [112, 52, 3, 255]; 1)
Tree((1445, 626); 7; 20; [45, 200, 3, 255]; [112, 52, 3, 255]; 1)
Mountain((1563, 916); 30; 80; [112, 112, 112, 255]; True; [255, 255, 255, 255])
Tree((1592, 801); 10; 20; [30, 9, 25, 255]; [95, 60, 0, 255]; 2)
Tree((1569, 866); 10; 20; [30, 9, 25, 255]; [95, 60, 0, 255]; 2)
Mountain((1595, 833); 30; 80; [112, 112, 112, 255]; True; [255, 255, 255, 255])
Tree((1517, 832); 10; 20; [30, 9, 25, 255]; [95, 60, 0, 255]; 2)
Tree((1559, 860); 10; 20; [30, 9, 25, 255]; [95, 60, 0, 255]; 2)
Tree((1577, 805); 10; 20; [30, 9, 25, 255]; [95, 60, 0, 255]; 2)
Mountain((1539, 855); 30; 80; [112, 112, 112, 255]; True; [255, 255, 255, 255])
Tree((1654, 71); 10; 20; [30, 9, 25, 255]; [95, 60, 0, 255]; 2)
House((1738, 23); 10; 10; [200, 112, 70, 255]; [112, 70, 40, 255]; [80, 70, 65, 255])
House((1799, 187); 10; 10; [200, 112, 70, 255]; [112, 70, 40, 255]; [80, 70, 65, 255])
Tree((1640, 165); 10; 20; [30, 9, 25, 255]; [95, 60, 0, 255]; 2)
Tree((1620, 110); 10; 20; [30, 9, 25, 255]; [95, 60, 0, 255]; 2)
Tree((1675, 151); 10; 20; [30, 9, 25, 255]; [95, 60, 0, 255]; 2)
House((1713, 56); 10; 10; [200, 112, 70, 255]; [112, 70, 40, 255]; [80, 70, 65, 255])
House((1770, 30); 10; 10; [200, 112, 70, 255]; [112, 70, 40, 255]; [80, 70, 65, 255])
Tree((1720, 123); 10; 20; [30, 9, 25, 255]; [95, 60, 0, 255]; 2)
Tree((1770, 149); 10; 20; [30, 9, 25, 255]; [95, 60, 0, 255]; 2)
House((1739, 56); 10; 10; [200, 112, 70, 255]; [112, 70, 40, 255]; [80, 70, 65, 255])
House((1744, 100); 10; 10; [200, 112, 70, 255]; [112, 70, 40, 255]; [80, 70, 65, 255])
Tree((1658, 17); 10; 20; [30, 9, 25, 255]; [95, 60, 0, 255]; 2)
House((1741, 121); 10; 10; [200, 112, 70, 255]; [112, 70, 40, 255]; [80, 70, 65, 255])
Tree((1704, 152); 10; 20; [30, 9, 25, 255]; [95, 60, 0, 255]; 2)
Tree((1608, 124); 10; 20; [30, 9, 25, 255]; [95, 60, 0, 255]; 2)
Tree((1704, 179); 10; 20; [30, 9, 25, 255]; [95, 60, 0, 255]; 2)
House((1735, 190); 10; 10; [200, 112, 70, 255]; [112, 70, 40, 255]; [80, 70, 65, 255])
House((1686, 4); 10; 10; [200, 112, 70, 255]; [112, 70, 40, 255]; [80, 70, 65, 255])
Tree((1631, 138); 10; 20; [30, 9, 25, 255]; [95, 60, 0, 255]; 2)
House((1774, 56); 10; 10; [200, 112, 70, 255]; [112, 70, 40, 255]; [80, 70, 65, 255])
Mountain((1628, 10); 30; 80; [112, 112, 112, 255]; True; [255, 255, 255, 255])
House((1669, 50); 10; 10; [200, 112, 70, 255]; [112, 70, 40, 255]; [80, 70, 65, 255])
House((1682, 105); 10; 10; [200, 112, 70, 255]; [112, 70, 40, 255]; [80, 70, 65, 255])
House((1794, 44); 10; 10; [200, 112, 70, 255]; [112, 70, 40, 255]; [80, 70, 65, 255])
Tree((1679, 83); 10; 20; [30, 9, 25, 255]; [95, 60, 0, 255]; 2)
Tree((1610, 148); 10; 20; [30, 9, 25, 255]; [95, 60, 0, 255]; 2)
Tree((1789, 185); 10; 20; [30, 9, 25, 255]; [95, 60, 0, 255]; 2)
Tree((1757, 7); 10; 20; [30, 9, 25, 255]; [95, 60, 0, 255]; 2)
Tree((1790, 108); 10; 20; [30, 9, 25, 255]; [95, 60, 0, 255]; 2)
House((1684, 36); 10; 10; [200, 112, 70, 255]; [112, 70, 40, 255]; [80, 70, 65, 255])
House((1791, 78); 10; 10; [200, 112, 70, 255]; [112, 70, 40, 255]; [80, 70, 65, 255])
House((1804, 50); 10; 10; [200, 112, 70, 255]; [112, 70, 40, 255]; [80, 70, 65, 255])
House((1641, 66); 10; 10; [200, 112, 70, 255]; [112, 70, 40, 255]; [80, 70, 65, 255])
Tree((1654, 136); 10; 20; [30, 9, 25, 255]; [95, 60, 0, 255]; 2)
Tree((1695, 10); 10; 20; [30, 9, 25, 255]; [95, 60, 0, 255]; 2)
Tree((1804, 3); 10; 20; [30, 9, 25, 255]; [95, 60, 0, 255]; 2)
Tree((1740, 163); 10; 20; [30, 9, 25, 255]; [95, 60, 0, 255]; 2)
House((1678, 62); 10; 10; [200, 112, 70, 255]; [112, 70, 40, 255]; [80, 70, 65, 255])
House((1750, 197); 10; 10; [200, 112, 70, 255]; [112, 70, 40, 255]; [80, 70, 65, 255])
House((1723, 172); 10; 10; [200, 112, 70, 255]; [112, 70, 40, 255]; [80, 70, 65, 255])
Tree((1758, 182); 10; 20; [30, 9, 25, 255]; [95, 60, 0, 255]; 2)
Tree((1694, 188); 10; 20; [30, 9, 25, 255]; [95, 60, 0, 255]; 2)
Tree((1722, 186); 10; 20; [30, 9, 25, 255]; [95, 60, 0, 255]; 2)
House((1771, 67); 10; 10; [200, 112, 70, 255]; [112, 70, 40, 255]; [80, 70, 65, 255])
Tree((1684, 115); 10; 20; [30, 9, 25, 255]; [95, 60, 0, 255]; 2)
Tree((1695, 36); 10; 20; [30, 9, 25, 255]; [95, 60, 0, 255]; 2)
Tree((1692, 93); 10; 20; [30, 9, 25, 255]; [95, 60, 0, 255]; 2)
House((1799, 34); 10; 10; [200, 112, 70, 255]; [112, 70, 40, 255]; [80, 70, 65, 255])
Tree((1759, 73); 10; 20; [30, 9, 25, 255]; [95, 60, 0, 255]; 2)
House((1720, 98); 10; 10; [200, 112, 70, 255]; [112, 70, 40, 255]; [80, 70, 65, 255])
House((1667, 86); 10; 10; [200, 112, 70, 255]; [112, 70, 40, 255]; [80, 70, 65, 255])
House((1640, 146); 10; 10; [200, 112, 70, 255]; [112, 70, 40, 255]; [80, 70, 65, 255])
Tree((1635, 197); 10; 20; [30, 9, 25, 255]; [95, 60, 0, 255]; 2)
Tree((1675, 32); 10; 20; [30, 9, 25, 255]; [95, 60, 0, 255]; 2)
Tree((1676, 6); 10; 20; [30, 9, 25, 255]; [95, 60, 0, 255]; 2)
House((1703, 131); 10; 10; [200, 112, 70, 255]; [112, 70, 40, 255]; [80, 70, 65, 255])
House((1739, 209); 10; 10; [200, 112, 70, 255]; [112, 70, 40, 255]; [80, 70, 65, 255])
Tree((1658, 381); 7; 20; [45, 200, 3, 255]; [112, 52, 3, 255]; 1)
Tree((1771, 388); 10; 20; [30, 9, 25, 255]; [95, 60, 0, 255]; 2)
Mountain((1686, 328); 30; 80; [112, 112, 112, 255]; False; [255, 255, 255, 255])
Tree((1747, 259); 10; 20; [30, 9, 25, 255]; [95, 60, 0, 255]; 2)
Tree((1660, 304); 7; 20; [45, 200, 3, 255]; [112, 52, 3, 255]; 1)
Tree((1684, 277); 10; 20; [30, 9, 25, 255]; [95, 60, 0, 255]; 2)
Tree((1723, 285); 10; 20; [30, 9, 25, 255]; [95, 60, 0, 255]; 2)
House((1778, 350); 10; 10; [200, 112, 70, 255]; [112, 70, 40, 255]; [80, 70, 65, 255])
Tree((1627, 379); 7; 20; [45, 200, 3, 255]; [112, 52, 3, 255]; 1)
Tree((1754, 337); 10; 20; [30, 9, 25, 255]; [95, 60, 0, 255]; 2)
Tree((1660, 337); 7; 20; [45, 200, 3, 255]; [112, 52, 3, 255]; 1)
House((1732, 239); 10; 10; [200, 112, 70, 255]; [112, 70, 40, 255]; [80, 70, 65, 255])
Tree((1777, 217); 10; 20; [30, 9, 25, 255]; [95, 60, 0, 255]; 2)
Tree((1618, 248); 10; 20; [30, 9, 25, 255]; [95, 60, 0, 255]; 2)
House((1691, 306); 10; 10; [200, 112, 70, 255]; [112, 70, 40, 255]; [80, 70, 65, 255])
House((1686, 247); 10; 10; [200, 112, 70, 255]; [112, 70, 40, 255]; [80, 70, 65, 255])
House((1732, 276); 10; 10; [200, 112, 70, 255]; [112, 70, 40, 255]; [80, 70, 65, 255])
Tree((1740, 379); 10; 20; [30, 9, 25, 255]; [95, 60, 0, 255]; 2)
House((1794, 301); 10; 10; [200, 112, 70, 255]; [112, 70, 40, 255]; [80, 70, 65, 255])
House((1703, 249); 10; 10; [200, 112, 70, 255]; [112, 70, 40, 255]; [80, 70, 65, 255])
House((1674, 315); 10; 10; [200, 112, 70, 255]; [112, 70, 40, 255]; [80, 70, 65, 255])
House((1652, 294); 10; 10; [200, 112, 70, 255]; [112, 70, 40, 255]; [80, 70, 65, 255])
House((1757, 293); 10; 10; [200, 112, 70, 255]; [112, 70, 40, 255]; [80, 70, 65, 255])
House((1754, 233); 10; 10; [200, 112, 70, 255]; [112, 70, 40, 255]; [80, 70, 65, 255])
House((1687, 260); 10; 10; [200, 112, 70, 255]; [112, 70, 40, 255]; [80, 70, 65, 255])
Tree((1719, 329); 10; 20; [30, 9, 25, 255]; [95, 60, 0, 255]; 2)
Tree((1693, 225); 10; 20; [30, 9, 25, 255]; [95, 60, 0, 255]; 2)
Tree((1723, 254); 10; 20; [30, 9, 25, 255]; [95, 60, 0, 255]; 2)
Tree((1676, 222); 10; 20; [30, 9, 25, 255]; [95, 60, 0, 255]; 2)
House((1712, 307); 10; 10; [200, 112, 70, 255]; [112, 70, 40, 255]; [80, 70, 65, 255])
House((1803, 364); 10; 10; [200, 112, 70, 255]; [112, 70, 40, 255]; [80, 70, 65, 255])
Tree((1717, 382); 7; 20; [45, 200, 3, 255]; [112, 52, 3, 255]; 1)
Tree((1701, 358); 7; 20; [45, 200, 3, 255]; [112, 52, 3, 255]; 1)
Tree((1701, 290); 10; 20; [30, 9, 25, 255]; [95, 60, 0, 255]; 2)
Tree((1753, 318); 10; 20; [30, 9, 25, 255]; [95, 60, 0, 255]; 2)
House((1781, 266); 10; 10; [200, 112, 70, 255]; [112, 70, 40, 255]; [80, 70, 65, 255])
Tree((1744, 301); 10; 20; [30, 9, 25, 255]; [95, 60, 0, 255]; 2)
House((1727, 305); 10; 10; [200, 112, 70, 255]; [112, 70, 40, 255]; [80, 70, 65, 255])
House((1726, 229); 10; 10; [200, 112, 70, 255]; [112, 70, 40, 255]; [80, 70, 65, 255])
House((1780, 335); 10; 10; [200, 112, 70, 255]; [112, 70, 40, 255]; [80, 70, 65, 255])
House((1728, 316); 10; 10; [200, 112, 70, 255]; [112, 70, 40, 255]; [80, 70, 65, 255])
Tree((1755, 362); 10; 20; [30, 9, 25, 255]; [95, 60, 0, 255]; 2)
Tree((1772, 308); 10; 20; [30, 9, 25, 255]; [95, 60, 0, 255]; 2)
Tree((1765, 205); 10; 20; [30, 9, 25, 255]; [95, 60, 0, 255]; 2)
House((1657, 279); 10; 10; [200, 112, 70, 255]; [112, 70, 40, 255]; [80, 70, 65, 255])
Tree((1799, 230); 10; 20; [30, 9, 25, 255]; [95, 60, 0, 255]; 2)
Tree((1711, 347); 10; 20; [30, 9, 25, 255]; [95, 60, 0, 255]; 2)
Tree((1750, 280); 10; 20; [30, 9, 25, 255]; [95, 60, 0, 255]; 2)
House((1742, 341); 10; 10; [200, 112, 70, 255]; [112, 70, 40, 255]; [80, 70, 65, 255])
Tree((1646, 375); 7; 20; [45, 200, 3, 255]; [112, 52, 3, 255]; 1)
Mountain((1632, 275); 30; 80; [112, 112, 112, 255]; False; [255, 255, 255, 255])
Tree((1657, 406); 7; 20; [45, 200, 3, 255]; [112, 52, 3, 255]; 1)
House((1805, 396); 10; 10; [200, 112, 70, 255]; [112, 70, 40, 255]; [80, 70, 65, 255])
Tree((1741, 430); 7; 20; [45, 200, 3, 255]; [112, 52, 3, 255]; 1)
Tree((1787, 428); 7; 20; [45, 200, 3, 255]; [112, 52, 3, 255]; 1)
Tree((1743, 471); 7; 20; [45, 200, 3, 255]; [112, 52, 3, 255]; 1)
Tree((1677, 465); 7; 20; [45, 200, 3, 255]; [112, 52, 3, 255]; 1)
Mountain((1758, 409); 30; 80; [112, 112, 112, 255]; False; [255, 255, 255, 255])
Mountain((1692, 433); 30; 80; [112, 112, 112, 255]; False; [255, 255, 255, 255])
Tree((1641, 403); 7; 20; [45, 200, 3, 255]; [112, 52, 3, 255]; 1)
Tree((1623, 513); 7; 20; [45, 200, 3, 255]; [112, 52, 3, 255]; 1)
Mountain((1648, 481); 30; 80; [112, 112, 112, 255]; False; [255, 255, 255, 255])
Mountain((1801, 453); 30; 80; [112, 112, 112, 255]; False; [255, 255, 255, 255])
Tree((1665, 401); 7; 20; [45, 200, 3, 255]; [112, 52, 3, 255]; 1)
Tree((1722, 466); 7; 20; [45, 200, 3, 255]; [112, 52, 3, 255]; 1)
Tree((1676, 416); 7; 20; [45, 200, 3, 255]; [112, 52, 3, 255]; 1)
Tree((1632, 722); 10; 20; [30, 9, 25, 255]; [95, 60, 0, 255]; 2)
Tree((1681, 757); 10; 20; [30, 9, 25, 255]; [95, 60, 0, 255]; 2)
Tree((1610, 742); 10; 20; [30, 9, 25, 255]; [95, 60, 0, 255]; 2)
Tree((1670, 753); 10; 20; [30, 9, 25, 255]; [95, 60, 0, 255]; 2)
Tree((1642, 790); 10; 20; [30, 9, 25, 255]; [95, 60, 0, 255]; 2)
Tree((1623, 762); 10; 20; [30, 9, 25, 255]; [95, 60, 0, 255]; 2)
Mountain((1618, 795); 30; 80; [112, 112, 112, 255]; True; [255, 255, 255, 255])
Mountain((1704, 893); 30; 80; [112, 112, 112, 255]; True; [255, 255, 255, 255])
Tree((1800, 869); 10; 20; [30, 9, 25, 255]; [95, 60, 0, 255]; 2)
Mountain((1786, 899); 30; 80; [112, 112, 112, 255]; True; [255, 255, 255, 255])
Tree((1670, 913); 10; 20; [30, 9, 25, 255]; [95, 60, 0, 255]; 2)
Tree((1744, 812); 10; 20; [30, 9, 25, 255]; [95, 60, 0, 255]; 2)
Tree((1790, 848); 10; 20; [30, 9, 25, 255]; [95, 60, 0, 255]; 2)
Mountain((1740, 915); 30; 80; [112, 112, 112, 255]; True; [255, 255, 255, 255])
Mountain((1728, 831); 30; 80; [112, 112, 112, 255]; True; [255, 255, 255, 255])
Mountain((1620, 878); 30; 80; [112, 112, 112, 255]; True; [255, 255, 255, 255])
Tree((1679, 850); 10; 20; [30, 9, 25, 255]; [95, 60, 0, 255]; 2)
Tree((1654, 820); 10; 20; [30, 9, 25, 255]; [95, 60, 0, 255]; 2)
Tree((1704, 829); 10; 20; [30, 9, 25, 255]; [95, 60, 0, 255]; 2)
Tree((1641, 889); 10; 20; [30, 9, 25, 255]; [95, 60, 0, 255]; 2)
Tree((1670, 810); 10; 20; [30, 9, 25, 255]; [95, 60, 0, 255]; 2)
Mountain((1762, 834); 30; 80; [112, 112, 112, 255]; True; [255, 255, 255, 255])
Tree((1829, 127); 10; 20; [30, 9, 25, 255]; [95, 60, 0, 255]; 2)
House((1817, 51); 10; 10; [200, 112, 70, 255]; [112, 70, 40, 255]; [80, 70, 65, 255])
Tree((1845, 12); 10; 20; [30, 9, 25, 255]; [95, 60, 0, 255]; 2)
House((1847, 184); 10; 10; [200, 112, 70, 255]; [112, 70, 40, 255]; [80, 70, 65, 255])
Tree((1830, 171); 10; 20; [30, 9, 25, 255]; [95, 60, 0, 255]; 2)
House((1842, 45); 10; 10; [200, 112, 70, 255]; [112, 70, 40, 255]; [80, 70, 65, 255])
Tree((1808, 107); 10; 20; [30, 9, 25, 255]; [95, 60, 0, 255]; 2)
Tree((1819, 67); 10; 20; [30, 9, 25, 255]; [95, 60, 0, 255]; 2)
Tree((1837, 106); 10; 20; [30, 9, 25, 255]; [95, 60, 0, 255]; 2)
Tree((1846, 162); 10; 20; [30, 9, 25, 255]; [95, 60, 0, 255]; 2)
Tree((1848, 126); 10; 20; [30, 9, 25, 255]; [95, 60, 0, 255]; 2)
House((1833, 92); 10; 10; [200, 112, 70, 255]; [112, 70, 40, 255]; [80, 70, 65, 255])
House((1815, 128); 10; 10; [200, 112, 70, 255]; [112, 70, 40, 255]; [80, 70, 65, 255])
Tree((1822, 325); 10; 20; [30, 9, 25, 255]; [95, 60, 0, 255]; 2)
Tree((1844, 259); 10; 20; [30, 9, 25, 255]; [95, 60, 0, 255]; 2)
Tree((1813, 208); 10; 20; [30, 9, 25, 255]; [95, 60, 0, 255]; 2)
House((1818, 289); 10; 10; [200, 112, 70, 255]; [112, 70, 40, 255]; [80, 70, 65, 255])
Tree((1813, 253); 10; 20; [30, 9, 25, 255]; [95, 60, 0, 255]; 2)
House((1824, 388); 10; 10; [200, 112, 70, 255]; [112, 70, 40, 255]; [80, 70, 65, 255])
House((1807, 244); 10; 10; [200, 112, 70, 255]; [112, 70, 40, 255]; [80, 70, 65, 255])
House((1834, 378); 10; 10; [200, 112, 70, 255]; [112, 70, 40, 255]; [80, 70, 65, 255])
Tree((1828, 284); 10; 20; [30, 9, 25, 255]; [95, 60, 0, 255]; 2)
House((1844, 227); 10; 10; [200, 112, 70, 255]; [112, 70, 40, 255]; [80, 70, 65, 255])
House((1810, 409); 10; 10; [200, 112, 70, 255]; [112, 70, 40, 255]; [80, 70, 65, 255])
Tree((1834, 416); 10; 20; [30, 9, 25, 255]; [95, 60, 0, 255]; 2)
Tree((1844, 407); 10; 20; [30, 9, 25, 255]; [95, 60, 0, 255]; 2)
Tree((1823, 869); 10; 20; [30, 9, 25, 255]; [95, 60, 0, 255]; 2)
Mountain((1822, 909); 30; 80; [112, 112, 112, 255]; True; [255, 255, 255, 255])