
Tree((101, 102); 34.999999999999986; 46.66666666666664; [45, 112, 3, 255]; [112, 52, 3, 255]; 1)
Tree((47, 156); 34.999999999999986; 46.66666666666664; [45, 112, 3, 255]; [112, 52, 3, 255]; 1)
Tree((117, 9); 34.999999999999986; 46.66666666666664; [45, 112, 3, 255]; [112, 52, 3, 255]; 1)
Tree((82, 59); 34.999999999999986; 46.66666666666664; [45, 112, 3, 255]; [112, 52, 3, 255]; 1)
Tree((24, 192); 34.999999999999986; 46.66666666666664; [45, 112, 3, 255]; [112, 52, 3, 255]; 1)
Mountain((14, 93); 69.99999999999997; 93.33333333333329; [112, 112, 112, 255]; False; [255, 255, 255, 255])
Mountain((175, 140); 69.99999999999997; 93.33333333333329; [112, 112, 112, 255]; False; [255, 255, 255, 255])
Mountain((177, 44); 69.99999999999997; 93.33333333333329; [112, 112, 112, 255]; False; [255, 255, 255, 255])
Mountain((118, 179); 69.99999999999997; 93.33333333333329; [112, 112, 112, 255]; False; [255, 255, 255, 255])
Tree((165, 286); 34.999999999999986; 46.66666666666664; [45, 112, 3, 255]; [112, 52, 3, 255]; 1)
Mountain((45, 310); 69.99999999999997; 93.33333333333329; [112, 112, 112, 255]; False; [255, 255, 255, 255])
Mountain((215, 248); 69.99999999999997; 93.33333333333329; [112, 112, 112, 255]; False; [255, 255, 255, 255])
Hill((209, 370); 11.66666666666666; [15, 112, 26, 255])
Hill((207, 384); 11.66666666666666; [15, 112, 26, 255])
Tree((89, 279); 34.999999999999986; 46.66666666666664; [45, 112, 3, 255]; [112, 52, 3, 255]; 1)
Tree((128, 279); 34.999999999999986; 46.66666666666664; [45, 112, 3, 255]; [112, 52, 3, 255]; 1)
Tree((5, 231); 34.999999999999986; 46.66666666666664; [45, 112, 3, 255]; [112, 52, 3, 255]; 1)
Hill((163, 391); 11.66666666666666; [15, 112, 26, 255])
Tree((14, 382); 34.999999999999986; 46.66666666666664; [45, 112, 3, 255]; [112, 52, 3, 255]; 1)
Tree((97, 323); 34.999999999999986; 46.66666666666664; [45, 112, 3, 255]; [112, 52, 3, 255]; 1)
Tree((60, 256); 34.999999999999986; 46.66666666666664; [45, 112, 3, 255]; [112, 52, 3, 255]; 1)
Hill((193, 398); 11.66666666666666; [15, 112, 26, 255])
Mountain((98, 372); 69.99999999999997; 93.33333333333329; [112, 112, 112, 255]; False; [255, 255, 255, 255])
Hill((44, 588); 11.66666666666666; [15, 112, 26, 255])
Hill((124, 541); 11.66666666666666; [15, 112, 26, 255])
Hill((110, 573); 11.66666666666666; [15, 112, 26, 255])
Hill((74, 564); 11.66666666666666; [15, 112, 26, 255])
Hill((163, 442); 11.66666666666666; [15, 112, 26, 255])
Hill((5, 505); 11.66666666666666; [15, 112, 26, 255])
Hill((57, 598); 11.66666666666666; [15, 112, 26, 255])
Hill((154, 541); 11.66666666666666; [15, 112, 26, 255])
Hill((129, 483); 11.66666666666666; [15, 112, 26, 255])
Hill((11, 575); 11.66666666666666; [15, 112, 26, 255])
Hill((154, 593); 11.66666666666666; [15, 112, 26, 255])
Hill((181, 584); 11.66666666666666; [15, 112, 26, 255])
Hill((37, 429); 11.66666666666666; [15, 112, 26, 255])
Hill((48, 556); 11.66666666666666; [15, 112, 26, 255])
Hill((83, 497); 11.66666666666666; [15, 112, 26, 255])
Hill((19, 598); 11.66666666666666; [15, 112, 26, 255])
Hill((159, 576); 11.66666666666666; [15, 112, 26, 255])
Hill((57, 418); 11.66666666666666; [15, 112, 26, 255])
Hill((197, 484); 11.66666666666666; [15, 112, 26, 255])
Hill((101, 481); 11.66666666666666; [15, 112, 26, 255])
Hill((158, 404); 11.66666666666666; [15, 112, 26, 255])
Hill((62, 427); 11.66666666666666; [15, 112, 26, 255])
Tree((11, 424); 34.999999999999986; 46.66666666666664; [45, 112, 3, 255]; [112, 52, 3, 255]; 1)
Hill((3, 530); 11.66666666666666; [15, 112, 26, 255])
Hill((156, 485); 11.66666666666666; [15, 112, 26, 255])
Hill((46, 542); 11.66666666666666; [15, 112, 26, 255])
Hill((140, 530); 11.66666666666666; [15, 112, 26, 255])
Hill((37, 534); 11.66666666666666; [15, 112, 26, 255])
Hill((165, 452); 11.66666666666666; [15, 112, 26, 255])
Hill((72, 487); 11.66666666666666; [15, 112, 26, 255])
Hill((15, 517); 11.66666666666666; [15, 112, 26, 255])
Hill((95, 469); 11.66666666666666; [15, 112, 26, 255])
Hill((79, 552); 11.66666666666666; [15, 112, 26, 255])
Hill((69, 444); 11.66666666666666; [15, 112, 26, 255])
Hill((29, 522); 11.66666666666666; [15, 112, 26, 255])
Hill((121, 468); 11.66666666666666; [15, 112, 26, 255])
Hill((48, 573); 11.66666666666666; [15, 112, 26, 255])
Hill((137, 423); 11.66666666666666; [15, 112, 26, 255])
Hill((94, 509); 11.66666666666666; [15, 112, 26, 255])
Hill((97, 559); 11.66666666666666; [15, 112, 26, 255])
Hill((100, 611); 11.66666666666666; [15, 112, 26, 255])
Hill((40, 667); 11.66666666666666; [15, 112, 26, 255])
Hill((125, 623); 11.66666666666666; [15, 112, 26, 255])
Hill((14, 667); 11.66666666666666; [15, 112, 26, 255])
Tree((185, 742); 34.999999999999986; 46.66666666666664; [45, 112, 3, 255]; [112, 52, 3, 255]; 1)
Hill((174, 612); 11.66666666666666; [15, 112, 26, 255])
House((173, 714); 23.33333333333332; 23.33333333333332; [200, 112, 70, 255]; [112, 70, 40, 255]; [80, 70, 65, 255])
Hill((3, 629); 11.66666666666666; [15, 112, 26, 255])
Tree((145, 655); 34.999999999999986; 46.66666666666664; [45, 112, 3, 255]; [112, 52, 3, 255]; 1)
House((198, 723); 23.33333333333332; 23.33333333333332; [200, 112, 70, 255]; [112, 70, 40, 255]; [80, 70, 65, 255])
Tree((15, 701); 34.999999999999986; 46.66666666666664; [45, 112, 3, 255]; [112, 52, 3, 255]; 1)
Tree((150, 771); 34.999999999999986; 46.66666666666664; [45, 112, 3, 255]; [112, 52, 3, 255]; 1)
Tree((27, 793); 34.999999999999986; 46.66666666666664; [45, 112, 3, 255]; [112, 52, 3, 255]; 1)
Tree((96, 720); 34.999999999999986; 46.66666666666664; [45, 112, 3, 255]; [112, 52, 3, 255]; 1)
House((166, 676); 23.33333333333332; 23.33333333333332; [200, 112, 70, 255]; [112, 70, 40, 255]; [80, 70, 65, 255])
House((190, 663); 23.33333333333332; 23.33333333333332; [200, 112, 70, 255]; [112, 70, 40, 255]; [80, 70, 65, 255])
House((53, 748); 23.33333333333332; 23.33333333333332; [200, 112, 70, 255]; [112, 70, 40, 255]; [80, 70, 65, 255])
Hill((21, 608); 11.66666666666666; [15, 112, 26, 255])
House((109, 665); 23.33333333333332; 23.33333333333332; [200, 112, 70, 255]; [112, 70, 40, 255]; [80, 70, 65, 255])
Hill((77, 634); 11.66666666666666; [15, 112, 26, 255])
Hill((10, 683); 11.66666666666666; [15, 112, 26, 255])
Hill((35, 641); 11.66666666666666; [15, 112, 26, 255])
Hill((56, 656); 11.66666666666666; [15, 112, 26, 255])
House((134, 742); 23.33333333333332; 23.33333333333332; [200, 112, 70, 255]; [112, 70, 40, 255]; [80, 70, 65, 255])
Hill((66, 605); 11.66666666666666; [15, 112, 26, 255])
Hill((38, 631); 11.66666666666666; [15, 112, 26, 255])
Tree((98, 843); 34.999999999999986; 46.66666666666664; [45, 112, 3, 255]; [112, 52, 3, 255]; 1)
House((36, 853); 23.33333333333332; 23.33333333333332; [200, 112, 70, 255]; [112, 70, 40, 255]; [80, 70, 65, 255])
House((25, 876); 23.33333333333332; 23.33333333333332; [200, 112, 70, 255]; [112, 70, 40, 255]; [80, 70, 65, 255])
Tree((122, 902); 34.999999999999986; 46.66666666666664; [45, 112, 3, 255]; [112, 52, 3, 255]; 1)
Tree((159, 893); 34.999999999999986; 46.66666666666664; [45, 112, 3, 255]; [112, 52, 3, 255]; 1)
Tree((173, 850); 34.999999999999986; 46.66666666666664; [45, 112, 3, 255]; [112, 52, 3, 255]; 1)
House((210, 805); 23.33333333333332; 23.33333333333332; [200, 112, 70, 255]; [112, 70, 40, 255]; [80, 70, 65, 255])
House((131, 874); 23.33333333333332; 23.33333333333332; [200, 112, 70, 255]; [112, 70, 40, 255]; [80, 70, 65, 255])
House((103, 801); 23.33333333333332; 23.33333333333332; [200, 112, 70, 255]; [112, 70, 40, 255]; [80, 70, 65, 255])
House((173, 822); 23.33333333333332; 23.33333333333332; [200, 112, 70, 255]; [112, 70, 40, 255]; [80, 70, 65, 255])
Tree((354, 18); 23.33333333333332; 46.66666666666664; [30, 85, 25, 255]; [95, 60, 0, 255]; 2)
House((397, 149); 23.33333333333332; 23.33333333333332; [200, 112, 70, 255]; [112, 70, 40, 255]; [80, 70, 65, 255])
Tree((352, 82); 23.33333333333332; 46.66666666666664; [30, 85, 25, 255]; [95, 60, 0, 255]; 2)
Tree((238, 38); 34.999999999999986; 46.66666666666664; [45, 112, 3, 255]; [112, 52, 3, 255]; 1)
Tree((286, 98); 23.33333333333332; 46.66666666666664; [30, 85, 25, 255]; [95, 60, 0, 255]; 2)
Tree((223, 181); 34.999999999999986; 46.66666666666664; [45, 112, 3, 255]; [112, 52, 3, 255]; 1)
House((355, 129); 23.33333333333332; 23.33333333333332; [200, 112, 70, 255]; [112, 70, 40, 255]; [80, 70, 65, 255])
House((281, 3); 23.33333333333332; 23.33333333333332; [200, 112, 70, 255]; [112, 70, 40, 255]; [80, 70, 65, 255])
House((332, 32); 23.33333333333332; 23.33333333333332; [200, 112, 70, 255]; [112, 70, 40, 255]; [80, 70, 65, 255])
House((286, 166); 23.33333333333332; 23.33333333333332; [200, 112, 70, 255]; [112, 70, 40, 255]; [80, 70, 65, 255])
Tree((397, 4); 23.33333333333332; 46.66666666666664; [30, 85, 25, 255]; [95, 60, 0, 255]; 2)
House((410, 181); 23.33333333333332; 23.33333333333332; [200, 112, 70, 255]; [112, 70, 40, 255]; [80, 70, 65, 255])
Tree((247, 117); 34.999999999999986; 46.66666666666664; [45, 112, 3, 255]; [112, 52, 3, 255]; 1)
Tree((373, 194); 23.33333333333332; 46.66666666666664; [30, 85, 25, 255]; [95, 60, 0, 255]; 2)
House((283, 59); 23.33333333333332; 23.33333333333332; [200, 112, 70, 255]; [112, 70, 40, 255]; [80, 70, 65, 255])
Tree((330, 107); 23.33333333333332; 46.66666666666664; [30, 85, 25, 255]; [95, 60, 0, 255]; 2)
Tree((285, 36); 23.33333333333332; 46.66666666666664; [30, 85, 25, 255]; [95, 60, 0, 255]; 2)
House((307, 127); 23.33333333333332; 23.33333333333332; [200, 112, 70, 255]; [112, 70, 40, 255]; [80, 70, 65, 255])
House((378, 23); 23.33333333333332; 23.33333333333332; [200, 112, 70, 255]; [112, 70, 40, 255]; [80, 70, 65, 255])
Tree((320, 64); 23.33333333333332; 46.66666666666664; [30, 85, 25, 255]; [95, 60, 0, 255]; 2)
House((331, 166); 23.33333333333332; 23.33333333333332; [200, 112, 70, 255]; [112, 70, 40, 255]; [80, 70, 65, 255])
House((370, 164); 23.33333333333332; 23.33333333333332; [200, 112, 70, 255]; [112, 70, 40, 255]; [80, 70, 65, 255])
House((410, 70); 23.33333333333332; 23.33333333333332; [200, 112, 70, 255]; [112, 70, 40, 255]; [80, 70, 65, 255])
House((388, 73); 23.33333333333332; 23.33333333333332; [200, 112, 70, 255]; [112, 70, 40, 255]; [80, 70, 65, 255])
House((324, 8); 23.33333333333332; 23.33333333333332; [200, 112, 70, 255]; [112, 70, 40, 255]; [80, 70, 65, 255])
Tree((305, 187); 23.33333333333332; 46.66666666666664; [30, 85, 25, 255]; [95, 60, 0, 255]; 2)
Tree((377, 101); 23.33333333333332; 46.66666666666664; [30, 85, 25, 255]; [95, 60, 0, 255]; 2)
House((386, 261); 23.33333333333332; 23.33333333333332; [200, 112, 70, 255]; [112, 70, 40, 255]; [80, 70, 65, 255])
Hill((373, 347); 11.66666666666666; [15, 112, 26, 255])
Tree((325, 223); 23.33333333333332; 46.66666666666664; [30, 85, 25, 255]; [95, 60, 0, 255]; 2)
Hill((358, 365); 11.66666666666666; [15, 112, 26, 255])
Tree((264, 203); 34.999999999999986; 46.66666666666664; [45, 112, 3, 255]; [112, 52, 3, 255]; 1)
House((340, 206); 23.33333333333332; 23.33333333333332; [200, 112, 70, 255]; [112, 70, 40, 255]; [80, 70, 65, 255])
House((369, 295); 23.33333333333332; 23.33333333333332; [200, 112, 70, 255]; [112, 70, 40, 255]; [80, 70, 65, 255])
Hill((341, 354); 11.66666666666666; [15, 112, 26, 255])
Hill((312, 399); 11.66666666666666; [15, 112, 26, 255])
Tree((396, 218); 23.33333333333332; 46.66666666666664; [30, 85, 25, 255]; [95, 60, 0, 255]; 2)
House((311, 270); 23.33333333333332; 23.33333333333332; [200, 112, 70, 255]; [112, 70, 40, 255]; [80, 70, 65, 255])
Hill((247, 370); 11.66666666666666; [15, 112, 26, 255])
Tree((329, 284); 23.33333333333332; 46.66666666666664; [30, 85, 25, 255]; [95, 60, 0, 255]; 2)
Tree((350, 227); 23.33333333333332; 46.66666666666664; [30, 85, 25, 255]; [95, 60, 0, 255]; 2)
House((291, 252); 23.33333333333332; 23.33333333333332; [200, 112, 70, 255]; [112, 70, 40, 255]; [80, 70, 65, 255])
Hill((228, 370); 11.66666666666666; [15, 112, 26, 255])
Hill((305, 361); 11.66666666666666; [15, 112, 26, 255])
Hill((334, 491); 11.66666666666666; [15, 112, 26, 255])
Hill((239, 527); 11.66666666666666; [15, 112, 26, 255])
House((383, 580); 23.33333333333332; 23.33333333333332; [200, 112, 70, 255]; [112, 70, 40, 255]; [80, 70, 65, 255])
Hill((241, 588); 11.66666666666666; [15, 112, 26, 255])
Hill((211, 519); 11.66666666666666; [15, 112, 26, 255])
Hill((210, 420); 11.66666666666666; [15, 112, 26, 255])
Hill((251, 538); 11.66666666666666; [15, 112, 26, 255])
Hill((361, 531); 11.66666666666666; [15, 112, 26, 255])
Hill((249, 550); 11.66666666666666; [15, 112, 26, 255])
Tree((338, 558); 34.999999999999986; 46.66666666666664; [45, 112, 3, 255]; [112, 52, 3, 255]; 1)
Hill((217, 498); 11.66666666666666; [15, 112, 26, 255])
Hill((294, 431); 11.66666666666666; [15, 112, 26, 255])
Hill((249, 444); 11.66666666666666; [15, 112, 26, 255])
Hill((218, 537); 11.66666666666666; [15, 112, 26, 255])
House((386, 524); 23.33333333333332; 23.33333333333332; [200, 112, 70, 255]; [112, 70, 40, 255]; [80, 70, 65, 255])
Hill((224, 487); 11.66666666666666; [15, 112, 26, 255])
Hill((291, 546); 11.66666666666666; [15, 112, 26, 255])
Hill((288, 466); 11.66666666666666; [15, 112, 26, 255])
Hill((357, 470); 11.66666666666666; [15, 112, 26, 255])
House((310, 569); 23.33333333333332; 23.33333333333332; [200, 112, 70, 255]; [112, 70, 40, 255]; [80, 70, 65, 255])
Hill((290, 491); 11.66666666666666; [15, 112, 26, 255])
Hill((258, 500); 11.66666666666666; [15, 112, 26, 255])
Hill((221, 435); 11.66666666666666; [15, 112, 26, 255])
Hill((226, 555); 11.66666666666666; [15, 112, 26, 255])
Hill((372, 458); 11.66666666666666; [15, 112, 26, 255])
Hill((319, 543); 11.66666666666666; [15, 112, 26, 255])
Hill((270, 488); 11.66666666666666; [15, 112, 26, 255])
Hill((344, 521); 11.66666666666666; [15, 112, 26, 255])
Hill((240, 471); 11.66666666666666; [15, 112, 26, 255])
Hill((312, 516); 11.66666666666666; [15, 112, 26, 255])
Hill((271, 407); 11.66666666666666; [15, 112, 26, 255])
House((263, 585); 23.33333333333332; 23.33333333333332; [200, 112, 70, 255]; [112, 70, 40, 255]; [80, 70, 65, 255])
Hill((350, 435); 11.66666666666666; [15, 112, 26, 255])
Hill((341, 454); 11.66666666666666; [15, 112, 26, 255])
Hill((248, 481); 11.66666666666666; [15, 112, 26, 255])
Hill((306, 454); 11.66666666666666; [15, 112, 26, 255])
House((221, 672); 23.33333333333332; 23.33333333333332; [200, 112, 70, 255]; [112, 70, 40, 255]; [80, 70, 65, 255])
Tree((321, 750); 34.999999999999986; 46.66666666666664; [45, 112, 3, 255]; [112, 52, 3, 255]; 1)
Tree((262, 613); 34.999999999999986; 46.66666666666664; [45, 112, 3, 255]; [112, 52, 3, 255]; 1)
House((343, 630); 23.33333333333332; 23.33333333333332; [200, 112, 70, 255]; [112, 70, 40, 255]; [80, 70, 65, 255])
House((366, 646); 23.33333333333332; 23.33333333333332; [200, 112, 70, 255]; [112, 70, 40, 255]; [80, 70, 65, 255])
Tree((290, 700); 34.999999999999986; 46.66666666666664; [45, 112, 3, 255]; [112, 52, 3, 255]; 1)
Tree((329, 795); 34.999999999999986; 46.66666666666664; [45, 112, 3, 255]; [112, 52, 3, 255]; 1)
Tree((410, 616); 34.999999999999986; 46.66666666666664; [45, 112, 3, 255]; [112, 52, 3, 255]; 1)
Tree((226, 598); 34.999999999999986; 46.66666666666664; [45, 112, 3, 255]; [112, 52, 3, 255]; 1)
House((334, 698); 23.33333333333332; 23.33333333333332; [200, 112, 70, 255]; [112, 70, 40, 255]; [80, 70, 65, 255])
Tree((299, 605); 34.999999999999986; 46.66666666666664; [45, 112, 3, 255]; [112, 52, 3, 255]; 1)
Tree((407, 701); 34.999999999999986; 46.66666666666664; [45, 112, 3, 255]; [112, 52, 3, 255]; 1)
Tree((389, 773); 34.999999999999986; 46.66666666666664; [45, 112, 3, 255]; [112, 52, 3, 255]; 1)
House((258, 673); 23.33333333333332; 23.33333333333332; [200, 112, 70, 255]; [112, 70, 40, 255]; [80, 70, 65, 255])
House((225, 728); 23.33333333333332; 23.33333333333332; [200, 112, 70, 255]; [112, 70, 40, 255]; [80, 70, 65, 255])
House((364, 861); 23.33333333333332; 23.33333333333332; [200, 112, 70, 255]; [112, 70, 40, 255]; [80, 70, 65, 255])
House((270, 883); 23.33333333333332; 23.33333333333332; [200, 112, 70, 255]; [112, 70, 40, 255]; [80, 70, 65, 255])
Tree((238, 835); 34.999999999999986; 46.66666666666664; [45, 112, 3, 255]; [112, 52, 3, 255]; 1)
House((334, 882); 23.33333333333332; 23.33333333333332; [200, 112, 70, 255]; [112, 70, 40, 255]; [80, 70, 65, 255])
House((274, 813); 23.33333333333332; 23.33333333333332; [200, 112, 70, 255]; [112, 70, 40, 255]; [80, 70, 65, 255])
House((357, 820); 23.33333333333332; 23.33333333333332; [200, 112, 70, 255]; [112, 70, 40, 255]; [80, 70, 65, 255])
House((266, 852); 23.33333333333332; 23.33333333333332; [200, 112, 70, 255]; [112, 70, 40, 255]; [80, 70, 65, 255])
House((222, 892); 23.33333333333332; 23.33333333333332; [200, 112, 70, 255]; [112, 70, 40, 255]; [80, 70, 65, 255])
House((307, 848); 23.33333333333332; 23.33333333333332; [200, 112, 70, 255]; [112, 70, 40, 255]; [80, 70, 65, 255])
House((375, 897); 23.33333333333332; 23.33333333333332; [200, 112, 70, 255]; [112, 70, 40, 255]; [80, 70, 65, 255])
House((264, 912); 23.33333333333332; 23.33333333333332; [200, 112, 70, 255]; [112, 70, 40, 255]; [80, 70, 65, 255])
Tree((432, 23); 23.33333333333332; 46.66666666666664; [30, 85, 25, 255]; [95, 60, 0, 255]; 2)
Tree((555, 24); 23.33333333333332; 46.66666666666664; [30, 85, 25, 255]; [95, 60, 0, 255]; 2)
Tree((451, 61); 23.33333333333332; 46.66666666666664; [30, 85, 25, 255]; [95, 60, 0, 255]; 2)
Tree((436, 113); 23.33333333333332; 46.66666666666664; [30, 85, 25, 255]; [95, 60, 0, 255]; 2)
House((414, 102); 23.33333333333332; 23.33333333333332; [200, 112, 70, 255]; [112, 70, 40, 255]; [80, 70, 65, 255])
Tree((528, 30); 23.33333333333332; 46.66666666666664; [30, 85, 25, 255]; [95, 60, 0, 255]; 2)
Tree((562, 112); 23.33333333333332; 46.66666666666664; [30, 85, 25, 255]; [95, 60, 0, 255]; 2)
Tree((594, 165); 23.33333333333332; 46.66666666666664; [30, 85, 25, 255]; [95, 60, 0, 255]; 2)
Tree((426, 156); 23.33333333333332; 46.66666666666664; [30, 85, 25, 255]; [95, 60, 0, 255]; 2)
Mountain((602, 19); 69.99999999999997; 93.33333333333329; [112, 112, 112, 255]; True; [255, 255, 255, 255])
House((453, 30); 23.33333333333332; 23.33333333333332; [200, 112, 70, 255]; [112, 70, 40, 255]; [80, 70, 65, 255])
Tree((577, 73); 23.33333333333332; 46.66666666666664; [30, 85, 25, 255]; [95, 60, 0, 255]; 2)
Tree((472, 7); 23.33333333333332; 46.66666666666664; [30, 85, 25, 255]; [95, 60, 0, 255]; 2)
Tree((591, 109); 23.33333333333332; 46.66666666666664; [30, 85, 25, 255]; [95, 60, 0, 255]; 2)
Mountain((626, 267); 69.99999999999997; 93.33333333333329; [112, 112, 112, 255]; True; [255, 255, 255, 255])
Mountain((551, 206); 69.99999999999997; 93.33333333333329; [112, 112, 112, 255]; True; [255, 255, 255, 255])
Tree((589, 227); 23.33333333333332; 46.66666666666664; [30, 85, 25, 255]; [95, 60, 0, 255]; 2)
Tree((438, 566); 34.999999999999986; 46.66666666666664; [45, 112, 3, 255]; [112, 52, 3, 255]; 1)
Tree((504, 580); 34.999999999999986; 46.66666666666664; [45, 112, 3, 255]; [112, 52, 3, 255]; 1)
House((607, 600); 23.33333333333332; 23.33333333333332; [200, 112, 70, 255]; [112, 70, 40, 255]; [80, 70, 65, 255])
House((415, 546); 23.33333333333332; 23.33333333333332; [200, 112, 70, 255]; [112, 70, 40, 255]; [80, 70, 65, 255])
Tree((575, 555); 34.999999999999986; 46.66666666666664; [45, 112, 3, 255]; [112, 52, 3, 255]; 1)
House((439, 528); 23.33333333333332; 23.33333333333332; [200, 112, 70, 255]; [112, 70, 40, 255]; [80, 70, 65, 255])
House((512, 537); 23.33333333333332; 23.33333333333332; [200, 112, 70, 255]; [112, 70, 40, 255]; [80, 70, 65, 255])
Tree((540, 549); 34.999999999999986; 46.66666666666664; [45, 112, 3, 255]; [112, 52, 3, 255]; 1)
House((565, 600); 23.33333333333332; 23.33333333333332; [200, 112, 70, 255]; [112, 70, 40, 255]; [80, 70, 65, 255])
Tree((537, 767); 23.33333333333332; 46.66666666666664; [30, 85, 25, 255]; [95, 60, 0, 255]; 2)
Tree((610, 704); 34.999999999999986; 46.66666666666664; [45, 112, 3, 255]; [112, 52, 3, 255]; 1)
Tree((443, 672); 34.999999999999986; 46.66666666666664; [45, 112, 3, 255]; [112, 52, 3, 255]; 1)
Tree((538, 597); 34.999999999999986; 46.66666666666664; [45, 112, 3, 255]; [112, 52, 3, 255]; 1)
House((506, 701); 23.33333333333332; 23.33333333333332; [200, 112, 70, 255]; [112, 70, 40, 255]; [80, 70, 65, 255])
House((605, 628); 23.33333333333332; 23.33333333333332; [200, 112, 70, 255]; [112, 70, 40, 255]; [80, 70, 65, 255])
House((547, 665); 23.33333333333332; 23.33333333333332; [200, 112, 70, 255]; [112, 70, 40, 255]; [80, 70, 65, 255])
House((440, 746); 23.33333333333332; 23.33333333333332; [200, 112, 70, 255]; [112, 70, 40, 255]; [80, 70, 65, 255])
Tree((610, 654); 34.999999999999986; 46.66666666666664; [45, 112, 3, 255]; [112, 52, 3, 255]; 1)
House((583, 731); 23.33333333333332; 23.33333333333332; [200, 112, 70, 255]; [112, 70, 40, 255]; [80, 70, 65, 255])
House((477, 792); 23.33333333333332; 23.33333333333332; [200, 112, 70, 255]; [112, 70, 40, 255]; [80, 70, 65, 255])
Tree((572, 761); 23.33333333333332; 46.66666666666664; [30, 85, 25, 255]; [95, 60, 0, 255]; 2)
House((570, 636); 23.33333333333332; 23.33333333333332; [200, 112, 70, 255]; [112, 70, 40, 255]; [80, 70, 65, 255])
House((515, 787); 23.33333333333332; 23.33333333333332; [200, 112, 70, 255]; [112, 70, 40, 255]; [80, 70, 65, 255])
House((459, 629); 23.33333333333332; 23.33333333333332; [200, 112, 70, 255]; [112, 70, 40, 255]; [80, 70, 65, 255])
House((583, 703); 23.33333333333332; 23.33333333333332; [200, 112, 70, 255]; [112, 70, 40, 255]; [80, 70, 65, 255])
Tree((471, 700); 34.999999999999986; 46.66666666666664; [45, 112, 3, 255]; [112, 52, 3, 255]; 1)
Tree((514, 645); 34.999999999999986; 46.66666666666664; [45, 112, 3, 255]; [112, 52, 3, 255]; 1)
House((558, 710); 23.33333333333332; 23.33333333333332; [200, 112, 70, 255]; [112, 70, 40, 255]; [80, 70, 65, 255])
Tree((518, 904); 23.33333333333332; 46.66666666666664; [30, 85, 25, 255]; [95, 60, 0, 255]; 2)
Tree((533, 868); 23.33333333333332; 46.66666666666664; [30, 85, 25, 255]; [95, 60, 0, 255]; 2)
Tree((571, 912); 23.33333333333332; 46.66666666666664; [30, 85, 25, 255]; [95, 60, 0, 255]; 2)
Tree((435, 871); 34.999999999999986; 46.66666666666664; [45, 112, 3, 255]; [112, 52, 3, 255]; 1)
Tree((555, 874); 23.33333333333332; 46.66666666666664; [30, 85, 25, 255]; [95, 60, 0, 255]; 2)
Tree((461, 901); 23.33333333333332; 46.66666666666664; [30, 85, 25, 255]; [95, 60, 0, 255]; 2)
Tree((504, 869); 23.33333333333332; 46.66666666666664; [30, 85, 25, 255]; [95, 60, 0, 255]; 2)
Mountain((597, 844); 69.99999999999997; 93.33333333333329; [112, 112, 112, 255]; True; [255, 255, 255, 255])
Tree((549, 810); 23.33333333333332; 46.66666666666664; [30, 85, 25, 255]; [95, 60, 0, 255]; 2)
Tree((793, 182); 23.33333333333332; 46.66666666666664; [30, 85, 25, 255]; [95, 60, 0, 255]; 2)
Mountain((737, 159); 69.99999999999997; 93.33333333333329; [112, 112, 112, 255]; True; [255, 255, 255, 255])
Tree((618, 149); 23.33333333333332; 46.66666666666664; [30, 85, 25, 255]; [95, 60, 0, 255]; 2)
Tree((697, 41); 23.33333333333332; 46.66666666666664; [30, 85, 25, 255]; [95, 60, 0, 255]; 2)
Mountain((787, 51); 69.99999999999997; 93.33333333333329; [112, 112, 112, 255]; True; [255, 255, 255, 255])
Tree((666, 84); 23.33333333333332; 46.66666666666664; [30, 85, 25, 255]; [95, 60, 0, 255]; 2)
Tree((751, 89); 23.33333333333332; 46.66666666666664; [30, 85, 25, 255]; [95, 60, 0, 255]; 2)
Tree((724, 76); 23.33333333333332; 46.66666666666664; [30, 85, 25, 255]; [95, 60, 0, 255]; 2)
Tree((643, 36); 23.33333333333332; 46.66666666666664; [30, 85, 25, 255]; [95, 60, 0, 255]; 2)
Tree((688, 101); 23.33333333333332; 46.66666666666664; [30, 85, 25, 255]; [95, 60, 0, 255]; 2)
Mountain((668, 171); 69.99999999999997; 93.33333333333329; [112, 112, 112, 255]; True; [255, 255, 255, 255])
Tree((734, 22); 23.33333333333332; 46.66666666666664; [30, 85, 25, 255]; [95, 60, 0, 255]; 2)
Tree((740, 392); 23.33333333333332; 46.66666666666664; [30, 85, 25, 255]; [95, 60, 0, 255]; 2)
Tree((704, 217); 23.33333333333332; 46.66666666666664; [30, 85, 25, 255]; [95, 60, 0, 255]; 2)
Tree((780, 403); 23.33333333333332; 46.66666666666664; [30, 85, 25, 255]; [95, 60, 0, 255]; 2)
Hill((799, 544); 11.66666666666666; [15, 112, 26, 255])
Hill((750, 578); 11.66666666666666; [15, 112, 26, 255])
Hill((683, 576); 11.66666666666666; [15, 112, 26, 255])
House((809, 424); 23.33333333333332; 23.33333333333332; [200, 112, 70, 255]; [112, 70, 40, 255]; [80, 70, 65, 255])
Hill((783, 588); 11.66666666666666; [15, 112, 26, 255])
Hill((733, 575); 11.66666666666666; [15, 112, 26, 255])
Hill((783, 562); 11.66666666666666; [15, 112, 26, 255])
Tree((657, 594); 34.999999999999986; 46.66666666666664; [45, 112, 3, 255]; [112, 52, 3, 255]; 1)
Hill((792, 533); 11.66666666666666; [15, 112, 26, 255])
Tree((621, 561); 34.999999999999986; 46.66666666666664; [45, 112, 3, 255]; [112, 52, 3, 255]; 1)
Hill((709, 537); 11.66666666666666; [15, 112, 26, 255])
Hill((761, 566); 11.66666666666666; [15, 112, 26, 255])
Tree((778, 451); 23.33333333333332; 46.66666666666664; [30, 85, 25, 255]; [95, 60, 0, 255]; 2)
House((760, 412); 23.33333333333332; 23.33333333333332; [200, 112, 70, 255]; [112, 70, 40, 255]; [80, 70, 65, 255])
Hill((757, 506); 11.66666666666666; [15, 112, 26, 255])
Hill((718, 560); 11.66666666666666; [15, 112, 26, 255])
Hill((740, 593); 11.66666666666666; [15, 112, 26, 255])
Hill((806, 521); 11.66666666666666; [15, 112, 26, 255])
Hill((795, 503); 11.66666666666666; [15, 112, 26, 255])
Hill((735, 537); 11.66666666666666; [15, 112, 26, 255])
Hill((708, 576); 11.66666666666666; [15, 112, 26, 255])
Hill((785, 488); 11.66666666666666; [15, 112, 26, 255])
Hill((773, 574); 11.66666666666666; [15, 112, 26, 255])
Hill((804, 561); 11.66666666666666; [15, 112, 26, 255])
Hill((709, 597); 11.66666666666666; [15, 112, 26, 255])
Tree((689, 690); 34.999999999999986; 46.66666666666664; [45, 112, 3, 255]; [112, 52, 3, 255]; 1)
Tree((791, 728); 34.999999999999986; 46.66666666666664; [45, 112, 3, 255]; [112, 52, 3, 255]; 1)
House((642, 670); 23.33333333333332; 23.33333333333332; [200, 112, 70, 255]; [112, 70, 40, 255]; [80, 70, 65, 255])
House((805, 654); 23.33333333333332; 23.33333333333332; [200, 112, 70, 255]; [112, 70, 40, 255]; [80, 70, 65, 255])
Hill((802, 637); 11.66666666666666; [15, 112, 26, 255])
Tree((777, 780); 34.999999999999986; 46.66666666666664; [45, 112, 3, 255]; [112, 52, 3, 255]; 1)
House((750, 689); 23.33333333333332; 23.33333333333332; [200, 112, 70, 255]; [112, 70, 40, 255]; [80, 70, 65, 255])
House((753, 731); 23.33333333333332; 23.33333333333332; [200, 112, 70, 255]; [112, 70, 40, 255]; [80, 70, 65, 255])
House((660, 648); 23.33333333333332; 23.33333333333332; [200, 112, 70, 255]; [112, 70, 40, 255]; [80, 70, 65, 255])
Tree((624, 781); 23.33333333333332; 46.66666666666664; [30, 85, 25, 255]; [95, 60, 0, 255]; 2)
House((737, 659); 23.33333333333332; 23.33333333333332; [200, 112, 70, 255]; [112, 70, 40, 255]; [80, 70, 65, 255])
House((674, 745); 23.33333333333332; 23.33333333333332; [200, 112, 70, 255]; [112, 70, 40, 255]; [80, 70, 65, 255])
Hill((789, 601); 11.66666666666666; [15, 112, 26, 255])
House((698, 626); 23.33333333333332; 23.33333333333332; [200, 112, 70, 255]; [112, 70, 40, 255]; [80, 70, 65, 255])
House((770, 712); 23.33333333333332; 23.33333333333332; [200, 112, 70, 255]; [112, 70, 40, 255]; [80, 70, 65, 255])
House((779, 645); 23.33333333333332; 23.33333333333332; [200, 112, 70, 255]; [112, 70, 40, 255]; [80, 70, 65, 255])
Hill((762, 604); 11.66666666666666; [15, 112, 26, 255])
Hill((729, 630); 11.66666666666666; [15, 112, 26, 255])
Hill((729, 621); 11.66666666666666; [15, 112, 26, 255])
House((709, 744); 23.33333333333332; 23.33333333333332; [200, 112, 70, 255]; [112, 70, 40, 255]; [80, 70, 65, 255])
House((724, 712); 23.33333333333332; 23.33333333333332; [200, 112, 70, 255]; [112, 70, 40, 255]; [80, 70, 65, 255])
Tree((656, 713); 34.999999999999986; 46.66666666666664; [45, 112, 3, 255]; [112, 52, 3, 255]; 1)
Hill((785, 632); 11.66666666666666; [15, 112, 26, 255])
Hill((796, 611); 11.66666666666666; [15, 112, 26, 255])
Tree((651, 761); 23.33333333333332; 46.66666666666664; [30, 85, 25, 255]; [95, 60, 0, 255]; 2)
Tree((740, 765); 34.999999999999986; 46.66666666666664; [45, 112, 3, 255]; [112, 52, 3, 255]; 1)
Hill((736, 609); 11.66666666666666; [15, 112, 26, 255])
House((628, 609); 23.33333333333332; 23.33333333333332; [200, 112, 70, 255]; [112, 70, 40, 255]; [80, 70, 65, 255])
Mountain((669, 912); 69.99999999999997; 93.33333333333329; [112, 112, 112, 255]; True; [255, 255, 255, 255])
House((796, 922); 23.33333333333332; 23.33333333333332; [200, 112, 70, 255]; [112, 70, 40, 255]; [80, 70, 65, 255])
Tree((700, 845); 23.33333333333332; 46.66666666666664; [30, 85, 25, 255]; [95, 60, 0, 255]; 2)
Tree((623, 828); 23.33333333333332; 46.66666666666664; [30, 85, 25, 255]; [95, 60, 0, 255]; 2)
House((797, 808); 23.33333333333332; 23.33333333333332; [200, 112, 70, 255]; [112, 70, 40, 255]; [80, 70, 65, 255])
Tree((658, 861); 23.33333333333332; 46.66666666666664; [30, 85, 25, 255]; [95, 60, 0, 255]; 2)
Mountain((738, 898); 69.99999999999997; 93.33333333333329; [112, 112, 112, 255]; True; [255, 255, 255, 255])
House((775, 842); 23.33333333333332; 23.33333333333332; [200, 112, 70, 255]; [112, 70, 40, 255]; [80, 70, 65, 255])
Tree((677, 834); 23.33333333333332; 46.66666666666664; [30, 85, 25, 255]; [95, 60, 0, 255]; 2)
House((726, 804); 23.33333333333332; 23.33333333333332; [200, 112, 70, 255]; [112, 70, 40, 255]; [80, 70, 65, 255])
Tree((726, 834); 23.33333333333332; 46.66666666666664; [30, 85, 25, 255]; [95, 60, 0, 255]; 2)
Tree((865, 116); 23.33333333333332; 46.66666666666664; [30, 85, 25, 255]; [95, 60, 0, 255]; 2)
Tree((939, 7); 23.33333333333332; 46.66666666666664; [30, 85, 25, 255]; [95, 60, 0, 255]; 2)
Mountain((995, 16); 69.99999999999997; 93.33333333333329; [112, 112, 112, 255]; True; [255, 255, 255, 255])
Mountain((912, 108); 69.99999999999997; 93.33333333333329; [112, 112, 112, 255]; True; [255, 255, 255, 255])
Tree((955, 127); 23.33333333333332; 46.66666666666664; [30, 85, 25, 255]; [95, 60, 0, 255]; 2)
Tree((853, 162); 23.33333333333332; 46.66666666666664; [30, 85, 25, 255]; [95, 60, 0, 255]; 2)
Tree((908, 29); 23.33333333333332; 46.66666666666664; [30, 85, 25, 255]; [95, 60, 0, 255]; 2)
Mountain((995, 184); 69.99999999999997; 93.33333333333329; [112, 112, 112, 255]; True; [255, 255, 255, 255])
Tree((848, 77); 23.33333333333332; 46.66666666666664; [30, 85, 25, 255]; [95, 60, 0, 255]; 2)
Tree((821, 180); 23.33333333333332; 46.66666666666664; [30, 85, 25, 255]; [95, 60, 0, 255]; 2)
Tree((829, 8); 23.33333333333332; 46.66666666666664; [30, 85, 25, 255]; [95, 60, 0, 255]; 2)
Tree((867, 43); 23.33333333333332; 46.66666666666664; [30, 85, 25, 255]; [95, 60, 0, 255]; 2)
Tree((930, 207); 23.33333333333332; 46.66666666666664; [30, 85, 25, 255]; [95, 60, 0, 255]; 2)
House((902, 244); 23.33333333333332; 23.33333333333332; [200, 112, 70, 255]; [112, 70, 40, 255]; [80, 70, 65, 255])
Tree((987, 367); 23.33333333333332; 46.66666666666664; [30, 85, 25, 255]; [95, 60, 0, 255]; 2)
Tree((958, 376); 23.33333333333332; 46.66666666666664; [30, 85, 25, 255]; [95, 60, 0, 255]; 2)
House((913, 267); 23.33333333333332; 23.33333333333332; [200, 112, 70, 255]; [112, 70, 40, 255]; [80, 70, 65, 255])
Tree((971, 258); 23.33333333333332; 46.66666666666664; [30, 85, 25, 255]; [95, 60, 0, 255]; 2)
Tree((883, 200); 23.33333333333332; 46.66666666666664; [30, 85, 25, 255]; [95, 60, 0, 255]; 2)
House((853, 279); 23.33333333333332; 23.33333333333332; [200, 112, 70, 255]; [112, 70, 40, 255]; [80, 70, 65, 255])
House((940, 361); 23.33333333333332; 23.33333333333332; [200, 112, 70, 255]; [112, 70, 40, 255]; [80, 70, 65, 255])
House((881, 375); 23.33333333333332; 23.33333333333332; [200, 112, 70, 255]; [112, 70, 40, 255]; [80, 70, 65, 255])
Tree((917, 376); 23.33333333333332; 46.66666666666664; [30, 85, 25, 255]; [95, 60, 0, 255]; 2)
House((869, 337); 23.33333333333332; 23.33333333333332; [200, 112, 70, 255]; [112, 70, 40, 255]; [80, 70, 65, 255])
Tree((951, 238); 23.33333333333332; 46.66666666666664; [30, 85, 25, 255]; [95, 60, 0, 255]; 2)
House((953, 295); 23.33333333333332; 23.33333333333332; [200, 112, 70, 255]; [112, 70, 40, 255]; [80, 70, 65, 255])
House((827, 262); 23.33333333333332; 23.33333333333332; [200, 112, 70, 255]; [112, 70, 40, 255]; [80, 70, 65, 255])
Tree((842, 205); 23.33333333333332; 46.66666666666664; [30, 85, 25, 255]; [95, 60, 0, 255]; 2)
House((975, 332); 23.33333333333332; 23.33333333333332; [200, 112, 70, 255]; [112, 70, 40, 255]; [80, 70, 65, 255])
Tree((953, 328); 23.33333333333332; 46.66666666666664; [30, 85, 25, 255]; [95, 60, 0, 255]; 2)
Tree((931, 297); 23.33333333333332; 46.66666666666664; [30, 85, 25, 255]; [95, 60, 0, 255]; 2)
House((990, 307); 23.33333333333332; 23.33333333333332; [200, 112, 70, 255]; [112, 70, 40, 255]; [80, 70, 65, 255])
Tree((899, 331); 23.33333333333332; 46.66666666666664; [30, 85, 25, 255]; [95, 60, 0, 255]; 2)
Tree((885, 260); 23.33333333333332; 46.66666666666664; [30, 85, 25, 255]; [95, 60, 0, 255]; 2)
House((836, 304); 23.33333333333332; 23.33333333333332; [200, 112, 70, 255]; [112, 70, 40, 255]; [80, 70, 65, 255])
Hill((819, 477); 11.66666666666666; [15, 112, 26, 255])
House((819, 448); 23.33333333333332; 23.33333333333332; [200, 112, 70, 255]; [112, 70, 40, 255]; [80, 70, 65, 255])
Hill((821, 486); 11.66666666666666; [15, 112, 26, 255])
Hill((928, 566); 11.66666666666666; [15, 112, 26, 255])
Tree((1011, 477); 23.33333333333332; 46.66666666666664; [30, 85, 25, 255]; [95, 60, 0, 255]; 2)
Hill((819, 575); 11.66666666666666; [15, 112, 26, 255])
House((929, 478); 23.33333333333332; 23.33333333333332; [200, 112, 70, 255]; [112, 70, 40, 255]; [80, 70, 65, 255])
Tree((901, 456); 23.33333333333332; 46.66666666666664; [30, 85, 25, 255]; [95, 60, 0, 255]; 2)
Tree((947, 448); 23.33333333333332; 46.66666666666664; [30, 85, 25, 255]; [95, 60, 0, 255]; 2)
House((996, 524); 23.33333333333332; 23.33333333333332; [200, 112, 70, 255]; [112, 70, 40, 255]; [80, 70, 65, 255])
Hill((931, 554); 11.66666666666666; [15, 112, 26, 255])
Hill((897, 582); 11.66666666666666; [15, 112, 26, 255])
Hill((837, 536); 11.66666666666666; [15, 112, 26, 255])
Hill((832, 558); 11.66666666666666; [15, 112, 26, 255])
Tree((935, 401); 23.33333333333332; 46.66666666666664; [30, 85, 25, 255]; [95, 60, 0, 255]; 2)
Tree((982, 548); 23.33333333333332; 46.66666666666664; [30, 85, 25, 255]; [95, 60, 0, 255]; 2)
Hill((906, 521); 11.66666666666666; [15, 112, 26, 255])
Tree((845, 449); 23.33333333333332; 46.66666666666664; [30, 85, 25, 255]; [95, 60, 0, 255]; 2)
Hill((871, 558); 11.66666666666666; [15, 112, 26, 255])
Hill((890, 559); 11.66666666666666; [15, 112, 26, 255])
Hill((862, 508); 11.66666666666666; [15, 112, 26, 255])
Hill((850, 545); 11.66666666666666; [15, 112, 26, 255])
Tree((871, 443); 23.33333333333332; 46.66666666666664; [30, 85, 25, 255]; [95, 60, 0, 255]; 2)
Tree((971, 414); 23.33333333333332; 46.66666666666664; [30, 85, 25, 255]; [95, 60, 0, 255]; 2)
Hill((879, 581); 11.66666666666666; [15, 112, 26, 255])
Tree((961, 593); 23.33333333333332; 46.66666666666664; [30, 85, 25, 255]; [95, 60, 0, 255]; 2)
Hill((873, 521); 11.66666666666666; [15, 112, 26, 255])
Hill((820, 592); 11.66666666666666; [15, 112, 26, 255])
Hill((837, 520); 11.66666666666666; [15, 112, 26, 255])
Hill((931, 545); 11.66666666666666; [15, 112, 26, 255])
Hill((875, 598); 11.66666666666666; [15, 112, 26, 255])
House((947, 523); 23.33333333333332; 23.33333333333332; [200, 112, 70, 255]; [112, 70, 40, 255]; [80, 70, 65, 255])
Hill((900, 489); 11.66666666666666; [15, 112, 26, 255])
Hill((824, 511); 11.66666666666666; [15, 112, 26, 255])
Hill((851, 485); 11.66666666666666; [15, 112, 26, 255])
Tree((983, 489); 23.33333333333332; 46.66666666666664; [30, 85, 25, 255]; [95, 60, 0, 255]; 2)
Hill((929, 580); 11.66666666666666; [15, 112, 26, 255])
Hill((870, 535); 11.66666666666666; [15, 112, 26, 255])
Hill((880, 571); 11.66666666666666; [15, 112, 26, 255])
Hill((926, 512); 11.66666666666666; [15, 112, 26, 255])
Hill((856, 496); 11.66666666666666; [15, 112, 26, 255])
Hill((938, 590); 11.66666666666666; [15, 112, 26, 255])
Hill((907, 625); 11.66666666666666; [15, 112, 26, 255])
Tree((902, 792); 34.999999999999986; 46.66666666666664; [45, 112, 3, 255]; [112, 52, 3, 255]; 1)
Hill((891, 615); 11.66666666666666; [15, 112, 26, 255])
House((860, 695); 23.33333333333332; 23.33333333333332; [200, 112, 70, 255]; [112, 70, 40, 255]; [80, 70, 65, 255])
Tree((821, 761); 34.999999999999986; 46.66666666666664; [45, 112, 3, 255]; [112, 52, 3, 255]; 1)
Tree((900, 663); 34.999999999999986; 46.66666666666664; [45, 112, 3, 255]; [112, 52, 3, 255]; 1)
Tree((881, 741); 34.999999999999986; 46.66666666666664; [45, 112, 3, 255]; [112, 52, 3, 255]; 1)
Hill((854, 627); 11.66666666666666; [15, 112, 26, 255])
Hill((941, 621); 11.66666666666666; [15, 112, 26, 255])
Hill((845, 640); 11.66666666666666; [15, 112, 26, 255])
House((884, 712); 23.33333333333332; 23.33333333333332; [200, 112, 70, 255]; [112, 70, 40, 255]; [80, 70, 65, 255])
House((987, 708); 23.33333333333332; 23.33333333333332; [200, 112, 70, 255]; [112, 70, 40, 255]; [80, 70, 65, 255])
Hill((830, 609); 11.66666666666666; [15, 112, 26, 255])
Tree((996, 608); 23.33333333333332; 46.66666666666664; [30, 85, 25, 255]; [95, 60, 0, 255]; 2)
House((934, 741); 23.33333333333332; 23.33333333333332; [200, 112, 70, 255]; [112, 70, 40, 255]; [80, 70, 65, 255])
Hill((877, 639); 11.66666666666666; [15, 112, 26, 255])
Hill((873, 612); 11.66666666666666; [15, 112, 26, 255])
House((964, 684); 23.33333333333332; 23.33333333333332; [200, 112, 70, 255]; [112, 70, 40, 255]; [80, 70, 65, 255])
Hill((943, 642); 11.66666666666666; [15, 112, 26, 255])
Hill((916, 644); 11.66666666666666; [15, 112, 26, 255])
House((1002, 667); 23.33333333333332; 23.33333333333332; [200, 112, 70, 255]; [112, 70, 40, 255]; [80, 70, 65, 255])
House((853, 757); 23.33333333333332; 23.33333333333332; [200, 112, 70, 255]; [112, 70, 40, 255]; [80, 70, 65, 255])
Tree((959, 756); 34.999999999999986; 46.66666666666664; [45, 112, 3, 255]; [112, 52, 3, 255]; 1)
Hill((822, 602); 11.66666666666666; [15, 112, 26, 255])
House((935, 673); 23.33333333333332; 23.33333333333332; [200, 112, 70, 255]; [112, 70, 40, 255]; [80, 70, 65, 255])
House((988, 744); 23.33333333333332; 23.33333333333332; [200, 112, 70, 255]; [112, 70, 40, 255]; [80, 70, 65, 255])
Tree((836, 681); 34.999999999999986; 46.66666666666664; [45, 112, 3, 255]; [112, 52, 3, 255]; 1)
Hill((858, 648); 11.66666666666666; [15, 112, 26, 255])
House((930, 771); 23.33333333333332; 23.33333333333332; [200, 112, 70, 255]; [112, 70, 40, 255]; [80, 70, 65, 255])
House((856, 806); 23.33333333333332; 23.33333333333332; [200, 112, 70, 255]; [112, 70, 40, 255]; [80, 70, 65, 255])
House((871, 900); 23.33333333333332; 23.33333333333332; [200, 112, 70, 255]; [112, 70, 40, 255]; [80, 70, 65, 255])
House((970, 889); 23.33333333333332; 23.33333333333332; [200, 112, 70, 255]; [112, 70, 40, 255]; [80, 70, 65, 255])
House((989, 801); 23.33333333333332; 23.33333333333332; [200, 112, 70, 255]; [112, 70, 40, 255]; [80, 70, 65, 255])
Tree((936, 883); 34.999999999999986; 46.66666666666664; [45, 112, 3, 255]; [112, 52, 3, 255]; 1)
House((955, 835); 23.33333333333332; 23.33333333333332; [200, 112, 70, 255]; [112, 70, 40, 255]; [80, 70, 65, 255])
House((812, 861); 23.33333333333332; 23.33333333333332; [200, 112, 70, 255]; [112, 70, 40, 255]; [80, 70, 65, 255])
House((998, 856); 23.33333333333332; 23.33333333333332; [200, 112, 70, 255]; [112, 70, 40, 255]; [80, 70, 65, 255])
House((903, 910); 23.33333333333332; 23.33333333333332; [200, 112, 70, 255]; [112, 70, 40, 255]; [80, 70, 65, 255])
Tree((850, 842); 34.999999999999986; 46.66666666666664; [45, 112, 3, 255]; [112, 52, 3, 255]; 1)
Tree((903, 841); 34.999999999999986; 46.66666666666664; [45, 112, 3, 255]; [112, 52, 3, 255]; 1)
House((956, 862); 23.33333333333332; 23.33333333333332; [200, 112, 70, 255]; [112, 70, 40, 255]; [80, 70, 65, 255])
House((951, 809); 23.33333333333332; 23.33333333333332; [200, 112, 70, 255]; [112, 70, 40, 255]; [80, 70, 65, 255])
House((988, 828); 23.33333333333332; 23.33333333333332; [200, 112, 70, 255]; [112, 70, 40, 255]; [80, 70, 65, 255])
Hill((999, 899); 11.66666666666666; [15, 112, 26, 255])
Tree((843, 913); 34.999999999999986; 46.66666666666664; [45, 112, 3, 255]; [112, 52, 3, 255]; 1)
Tree((1206, 152); 23.33333333333332; 46.66666666666664; [30, 85, 25, 255]; [95, 60, 0, 255]; 2)
Tree((1051, 40); 23.33333333333332; 46.66666666666664; [30, 85, 25, 255]; [95, 60, 0, 255]; 2)
Tree((1171, 173); 23.33333333333332; 46.66666666666664; [30, 85, 25, 255]; [95, 60, 0, 255]; 2)
House((1127, 274); 23.33333333333332; 23.33333333333332; [200, 112, 70, 255]; [112, 70, 40, 255]; [80, 70, 65, 255])
House((1190, 329); 23.33333333333332; 23.33333333333332; [200, 112, 70, 255]; [112, 70, 40, 255]; [80, 70, 65, 255])
Tree((1185, 371); 23.33333333333332; 46.66666666666664; [30, 85, 25, 255]; [95, 60, 0, 255]; 2)
House((1205, 302); 23.33333333333332; 23.33333333333332; [200, 112, 70, 255]; [112, 70, 40, 255]; [80, 70, 65, 255])
House((1209, 217); 23.33333333333332; 23.33333333333332; [200, 112, 70, 255]; [112, 70, 40, 255]; [80, 70, 65, 255])
Tree((1168, 219); 23.33333333333332; 46.66666666666664; [30, 85, 25, 255]; [95, 60, 0, 255]; 2)
Tree((1121, 318); 23.33333333333332; 46.66666666666664; [30, 85, 25, 255]; [95, 60, 0, 255]; 2)
Tree((1159, 292); 23.33333333333332; 46.66666666666664; [30, 85, 25, 255]; [95, 60, 0, 255]; 2)
Tree((1210, 492); 23.33333333333332; 46.66666666666664; [30, 85, 25, 255]; [95, 60, 0, 255]; 2)
Tree((1140, 490); 23.33333333333332; 46.66666666666664; [30, 85, 25, 255]; [95, 60, 0, 255]; 2)
House((1076, 471); 23.33333333333332; 23.33333333333332; [200, 112, 70, 255]; [112, 70, 40, 255]; [80, 70, 65, 255])
House((1012, 497); 23.33333333333332; 23.33333333333332; [200, 112, 70, 255]; [112, 70, 40, 255]; [80, 70, 65, 255])
Tree((1173, 455); 23.33333333333332; 46.66666666666664; [30, 85, 25, 255]; [95, 60, 0, 255]; 2)
Tree((1052, 519); 23.33333333333332; 46.66666666666664; [30, 85, 25, 255]; [95, 60, 0, 255]; 2)
House((1037, 564); 23.33333333333332; 23.33333333333332; [200, 112, 70, 255]; [112, 70, 40, 255]; [80, 70, 65, 255])
House((1162, 518); 23.33333333333332; 23.33333333333332; [200, 112, 70, 255]; [112, 70, 40, 255]; [80, 70, 65, 255])
House((1081, 534); 23.33333333333332; 23.33333333333332; [200, 112, 70, 255]; [112, 70, 40, 255]; [80, 70, 65, 255])
Tree((1119, 505); 23.33333333333332; 46.66666666666664; [30, 85, 25, 255]; [95, 60, 0, 255]; 2)
Tree((1206, 577); 23.33333333333332; 46.66666666666664; [30, 85, 25, 255]; [95, 60, 0, 255]; 2)
Tree((1013, 576); 23.33333333333332; 46.66666666666664; [30, 85, 25, 255]; [95, 60, 0, 255]; 2)
House((1188, 505); 23.33333333333332; 23.33333333333332; [200, 112, 70, 255]; [112, 70, 40, 255]; [80, 70, 65, 255])
Tree((1135, 544); 23.33333333333332; 46.66666666666664; [30, 85, 25, 255]; [95, 60, 0, 255]; 2)
House((1203, 556); 23.33333333333332; 23.33333333333332; [200, 112, 70, 255]; [112, 70, 40, 255]; [80, 70, 65, 255])
House((1169, 584); 23.33333333333332; 23.33333333333332; [200, 112, 70, 255]; [112, 70, 40, 255]; [80, 70, 65, 255])
Tree((1097, 487); 23.33333333333332; 46.66666666666664; [30, 85, 25, 255]; [95, 60, 0, 255]; 2)
House((1168, 556); 23.33333333333332; 23.33333333333332; [200, 112, 70, 255]; [112, 70, 40, 255]; [80, 70, 65, 255])
Tree((1114, 554); 23.33333333333332; 46.66666666666664; [30, 85, 25, 255]; [95, 60, 0, 255]; 2)
House((1061, 598); 23.33333333333332; 23.33333333333332; [200, 112, 70, 255]; [112, 70, 40, 255]; [80, 70, 65, 255])
House((1082, 714); 23.33333333333332; 23.33333333333332; [200, 112, 70, 255]; [112, 70, 40, 255]; [80, 70, 65, 255])
House((1019, 705); 23.33333333333332; 23.33333333333332; [200, 112, 70, 255]; [112, 70, 40, 255]; [80, 70, 65, 255])
House((1060, 641); 23.33333333333332; 23.33333333333332; [200, 112, 70, 255]; [112, 70, 40, 255]; [80, 70, 65, 255])
House((1110, 674); 23.33333333333332; 23.33333333333332; [200, 112, 70, 255]; [112, 70, 40, 255]; [80, 70, 65, 255])
House((1045, 702); 23.33333333333332; 23.33333333333332; [200, 112, 70, 255]; [112, 70, 40, 255]; [80, 70, 65, 255])
Tree((1075, 738); 23.33333333333332; 46.66666666666664; [30, 85, 25, 255]; [95, 60, 0, 255]; 2)
Tree((1016, 732); 23.33333333333332; 46.66666666666664; [30, 85, 25, 255]; [95, 60, 0, 255]; 2)
Hill((1113, 766); 11.66666666666666; [15, 112, 26, 255])
Tree((1096, 596); 23.33333333333332; 46.66666666666664; [30, 85, 25, 255]; [95, 60, 0, 255]; 2)
Hill((1101, 756); 11.66666666666666; [15, 112, 26, 255])
House((1103, 700); 23.33333333333332; 23.33333333333332; [200, 112, 70, 255]; [112, 70, 40, 255]; [80, 70, 65, 255])
House((1137, 727); 23.33333333333332; 23.33333333333332; [200, 112, 70, 255]; [112, 70, 40, 255]; [80, 70, 65, 255])
House((1191, 711); 23.33333333333332; 23.33333333333332; [200, 112, 70, 255]; [112, 70, 40, 255]; [80, 70, 65, 255])
House((1033, 764); 23.33333333333332; 23.33333333333332; [200, 112, 70, 255]; [112, 70, 40, 255]; [80, 70, 65, 255])
Tree((1153, 687); 23.33333333333332; 46.66666666666664; [30, 85, 25, 255]; [95, 60, 0, 255]; 2)
House((1081, 651); 23.33333333333332; 23.33333333333332; [200, 112, 70, 255]; [112, 70, 40, 255]; [80, 70, 65, 255])
House((1184, 607); 23.33333333333332; 23.33333333333332; [200, 112, 70, 255]; [112, 70, 40, 255]; [80, 70, 65, 255])
Tree((1192, 636); 23.33333333333332; 46.66666666666664; [30, 85, 25, 255]; [95, 60, 0, 255]; 2)
House((1125, 702); 23.33333333333332; 23.33333333333332; [200, 112, 70, 255]; [112, 70, 40, 255]; [80, 70, 65, 255])
Hill((1138, 781); 11.66666666666666; [15, 112, 26, 255])
Hill((1025, 788); 11.66666666666666; [15, 112, 26, 255])
Hill((1200, 792); 11.66666666666666; [15, 112, 26, 255])
Hill((1184, 776); 11.66666666666666; [15, 112, 26, 255])
Hill((1127, 800); 11.66666666666666; [15, 112, 26, 255])
Hill((1201, 748); 11.66666666666666; [15, 112, 26, 255])
Hill((1159, 787); 11.66666666666666; [15, 112, 26, 255])
Tree((1150, 621); 23.33333333333332; 46.66666666666664; [30, 85, 25, 255]; [95, 60, 0, 255]; 2)
Hill((1160, 796); 11.66666666666666; [15, 112, 26, 255])
House((1168, 636); 23.33333333333332; 23.33333333333332; [200, 112, 70, 255]; [112, 70, 40, 255]; [80, 70, 65, 255])
House((1177, 690); 23.33333333333332; 23.33333333333332; [200, 112, 70, 255]; [112, 70, 40, 255]; [80, 70, 65, 255])
House((1029, 655); 23.33333333333332; 23.33333333333332; [200, 112, 70, 255]; [112, 70, 40, 255]; [80, 70, 65, 255])
House((1114, 616); 23.33333333333332; 23.33333333333332; [200, 112, 70, 255]; [112, 70, 40, 255]; [80, 70, 65, 255])
Hill((1167, 768); 11.66666666666666; [15, 112, 26, 255])
Hill((1124, 777); 11.66666666666666; [15, 112, 26, 255])
Hill((1031, 860); 11.66666666666666; [15, 112, 26, 255])
Hill((1182, 888); 11.66666666666666; [15, 112, 26, 255])
Hill((1047, 831); 11.66666666666666; [15, 112, 26, 255])
Hill((1169, 905); 11.66666666666666; [15, 112, 26, 255])
Hill((1171, 867); 11.66666666666666; [15, 112, 26, 255])
Hill((1207, 911); 11.66666666666666; [15, 112, 26, 255])
Hill((1022, 848); 11.66666666666666; [15, 112, 26, 255])
Hill((1075, 851); 11.66666666666666; [15, 112, 26, 255])
Hill((1153, 900); 11.66666666666666; [15, 112, 26, 255])
Hill((1090, 819); 11.66666666666666; [15, 112, 26, 255])
Hill((1152, 865); 11.66666666666666; [15, 112, 26, 255])
Hill((1099, 885); 11.66666666666666; [15, 112, 26, 255])
Hill((1027, 809); 11.66666666666666; [15, 112, 26, 255])
Hill((1190, 921); 11.66666666666666; [15, 112, 26, 255])
Hill((1176, 825); 11.66666666666666; [15, 112, 26, 255])
Hill((1090, 839); 11.66666666666666; [15, 112, 26, 255])
Hill((1208, 870); 11.66666666666666; [15, 112, 26, 255])
Hill((1133, 852); 11.66666666666666; [15, 112, 26, 255])
Hill((1103, 919); 11.66666666666666; [15, 112, 26, 255])
Hill((1089, 865); 11.66666666666666; [15, 112, 26, 255])
Hill((1094, 808); 11.66666666666666; [15, 112, 26, 255])
Hill((1041, 870); 11.66666666666666; [15, 112, 26, 255])
Hill((1134, 920); 11.66666666666666; [15, 112, 26, 255])
Hill((1060, 896); 11.66666666666666; [15, 112, 26, 255])
Hill((1100, 906); 11.66666666666666; [15, 112, 26, 255])
Hill((1014, 822); 11.66666666666666; [15, 112, 26, 255])
Hill((1002, 919); 11.66666666666666; [15, 112, 26, 255])
Hill((1143, 820); 11.66666666666666; [15, 112, 26, 255])
House((1334, 171); 23.33333333333332; 23.33333333333332; [200, 112, 70, 255]; [112, 70, 40, 255]; [80, 70, 65, 255])
Tree((1397, 193); 23.33333333333332; 46.66666666666664; [30, 85, 25, 255]; [95, 60, 0, 255]; 2)
Tree((1350, 189); 23.33333333333332; 46.66666666666664; [30, 85, 25, 255]; [95, 60, 0, 255]; 2)
Tree((1231, 92); 23.33333333333332; 46.66666666666664; [30, 85, 25, 255]; [95, 60, 0, 255]; 2)
House((1275, 30); 23.33333333333332; 23.33333333333332; [200, 112, 70, 255]; [112, 70, 40, 255]; [80, 70, 65, 255])
House((1319, 132); 23.33333333333332; 23.33333333333332; [200, 112, 70, 255]; [112, 70, 40, 255]; [80, 70, 65, 255])
Tree((1248, 11); 23.33333333333332; 46.66666666666664; [30, 85, 25, 255]; [95, 60, 0, 255]; 2)
Tree((1237, 148); 23.33333333333332; 46.66666666666664; [30, 85, 25, 255]; [95, 60, 0, 255]; 2)
House((1264, 163); 23.33333333333332; 23.33333333333332; [200, 112, 70, 255]; [112, 70, 40, 255]; [80, 70, 65, 255])
House((1277, 73); 23.33333333333332; 23.33333333333332; [200, 112, 70, 255]; [112, 70, 40, 255]; [80, 70, 65, 255])
House((1286, 98); 23.33333333333332; 23.33333333333332; [200, 112, 70, 255]; [112, 70, 40, 255]; [80, 70, 65, 255])
Tree((1262, 104); 23.33333333333332; 46.66666666666664; [30, 85, 25, 255]; [95, 60, 0, 255]; 2)
Tree((1232, 210); 23.33333333333332; 46.66666666666664; [30, 85, 25, 255]; [95, 60, 0, 255]; 2)
Tree((1246, 330); 23.33333333333332; 46.66666666666664; [30, 85, 25, 255]; [95, 60, 0, 255]; 2)
Tree((1228, 293); 23.33333333333332; 46.66666666666664; [30, 85, 25, 255]; [95, 60, 0, 255]; 2)
House((1338, 275); 23.33333333333332; 23.33333333333332; [200, 112, 70, 255]; [112, 70, 40, 255]; [80, 70, 65, 255])
House((1317, 299); 23.33333333333332; 23.33333333333332; [200, 112, 70, 255]; [112, 70, 40, 255]; [80, 70, 65, 255])
Tree((1403, 316); 23.33333333333332; 46.66666666666664; [30, 85, 25, 255]; [95, 60, 0, 255]; 2)
House((1307, 210); 23.33333333333332; 23.33333333333332; [200, 112, 70, 255]; [112, 70, 40, 255]; [80, 70, 65, 255])
Tree((1287, 332); 23.33333333333332; 46.66666666666664; [30, 85, 25, 255]; [95, 60, 0, 255]; 2)
House((1391, 376); 23.33333333333332; 23.33333333333332; [200, 112, 70, 255]; [112, 70, 40, 255]; [80, 70, 65, 255])
Tree((1315, 364); 23.33333333333332; 46.66666666666664; [30, 85, 25, 255]; [95, 60, 0, 255]; 2)
Tree((1388, 283); 23.33333333333332; 46.66666666666664; [30, 85, 25, 255]; [95, 60, 0, 255]; 2)
Tree((1270, 198); 23.33333333333332; 46.66666666666664; [30, 85, 25, 255]; [95, 60, 0, 255]; 2)
House((1256, 291); 23.33333333333332; 23.33333333333332; [200, 112, 70, 255]; [112, 70, 40, 255]; [80, 70, 65, 255])
Tree((1353, 294); 23.33333333333332; 46.66666666666664; [30, 85, 25, 255]; [95, 60, 0, 255]; 2)
Mountain((1355, 345); 69.99999999999997; 93.33333333333329; [112, 112, 112, 255]; True; [255, 255, 255, 255])
Tree((1279, 282); 23.33333333333332; 46.66666666666664; [30, 85, 25, 255]; [95, 60, 0, 255]; 2)
Tree((1366, 245); 23.33333333333332; 46.66666666666664; [30, 85, 25, 255]; [95, 60, 0, 255]; 2)
House((1224, 359); 23.33333333333332; 23.33333333333332; [200, 112, 70, 255]; [112, 70, 40, 255]; [80, 70, 65, 255])
House((1266, 399); 23.33333333333332; 23.33333333333332; [200, 112, 70, 255]; [112, 70, 40, 255]; [80, 70, 65, 255])
House((1249, 232); 23.33333333333332; 23.33333333333332; [200, 112, 70, 255]; [112, 70, 40, 255]; [80, 70, 65, 255])
House((1273, 260); 23.33333333333332; 23.33333333333332; [200, 112, 70, 255]; [112, 70, 40, 255]; [80, 70, 65, 255])
Tree((1244, 400); 23.33333333333332; 46.66666666666664; [30, 85, 25, 255]; [95, 60, 0, 255]; 2)
House((1257, 438); 23.33333333333332; 23.33333333333332; [200, 112, 70, 255]; [112, 70, 40, 255]; [80, 70, 65, 255])
House((1235, 558); 23.33333333333332; 23.33333333333332; [200, 112, 70, 255]; [112, 70, 40, 255]; [80, 70, 65, 255])
House((1249, 595); 23.33333333333332; 23.33333333333332; [200, 112, 70, 255]; [112, 70, 40, 255]; [80, 70, 65, 255])
Hill((1349, 791); 11.66666666666666; [15, 112, 26, 255])
Hill((1242, 722); 11.66666666666666; [15, 112, 26, 255])
Hill((1317, 762); 11.66666666666666; [15, 112, 26, 255])
Hill((1250, 756); 11.66666666666666; [15, 112, 26, 255])
Hill((1219, 797); 11.66666666666666; [15, 112, 26, 255])
Hill((1250, 777); 11.66666666666666; [15, 112, 26, 255])
Hill((1228, 767); 11.66666666666666; [15, 112, 26, 255])
Hill((1253, 706); 11.66666666666666; [15, 112, 26, 255])
Hill((1302, 694); 11.66666666666666; [15, 112, 26, 255])
Hill((1296, 740); 11.66666666666666; [15, 112, 26, 255])
Tree((1259, 645); 23.33333333333332; 46.66666666666664; [30, 85, 25, 255]; [95, 60, 0, 255]; 2)
House((1230, 645); 23.33333333333332; 23.33333333333332; [200, 112, 70, 255]; [112, 70, 40, 255]; [80, 70, 65, 255])
Tree((1229, 683); 23.33333333333332; 46.66666666666664; [30, 85, 25, 255]; [95, 60, 0, 255]; 2)
Hill((1325, 706); 11.66666666666666; [15, 112, 26, 255])
Hill((1303, 713); 11.66666666666666; [15, 112, 26, 255])
Hill((1290, 792); 11.66666666666666; [15, 112, 26, 255])
Tree((1284, 652); 23.33333333333332; 46.66666666666664; [30, 85, 25, 255]; [95, 60, 0, 255]; 2)
Hill((1296, 774); 11.66666666666666; [15, 112, 26, 255])
Hill((1324, 776); 11.66666666666666; [15, 112, 26, 255])
Hill((1226, 718); 11.66666666666666; [15, 112, 26, 255])
Hill((1294, 815); 11.66666666666666; [15, 112, 26, 255])
Hill((1330, 888); 11.66666666666666; [15, 112, 26, 255])
Hill((1296, 865); 11.66666666666666; [15, 112, 26, 255])
Hill((1291, 849); 11.66666666666666; [15, 112, 26, 255])
Hill((1222, 823); 11.66666666666666; [15, 112, 26, 255])
Hill((1285, 842); 11.66666666666666; [15, 112, 26, 255])
Hill((1323, 841); 11.66666666666666; [15, 112, 26, 255])
Hill((1239, 813); 11.66666666666666; [15, 112, 26, 255])
Hill((1241, 856); 11.66666666666666; [15, 112, 26, 255])
Hill((1238, 831); 11.66666666666666; [15, 112, 26, 255])
Hill((1292, 891); 11.66666666666666; [15, 112, 26, 255])
Hill((1324, 855); 11.66666666666666; [15, 112, 26, 255])
Hill((1338, 916); 11.66666666666666; [15, 112, 26, 255])
Hill((1214, 814); 11.66666666666666; [15, 112, 26, 255])
Hill((1242, 907); 11.66666666666666; [15, 112, 26, 255])
Hill((1278, 913); 11.66666666666666; [15, 112, 26, 255])
Hill((1274, 879); 11.66666666666666; [15, 112, 26, 255])
Hill((1327, 828); 11.66666666666666; [15, 112, 26, 255])
Hill((1359, 903); 11.66666666666666; [15, 112, 26, 255])
Hill((1212, 882); 11.66666666666666; [15, 112, 26, 255])
Hill((1300, 911); 11.66666666666666; [15, 112, 26, 255])
Hill((1221, 845); 11.66666666666666; [15, 112, 26, 255])
Mountain((1459, 190); 69.99999999999997; 93.33333333333329; [112, 112, 112, 255]; True; [255, 255, 255, 255])
Mountain((1598, 90); 69.99999999999997; 93.33333333333329; [112, 112, 112, 255]; True; [255, 255, 255, 255])
Tree((1436, 182); 23.33333333333332; 46.66666666666664; [30, 85, 25, 255]; [95, 60, 0, 255]; 2)
Tree((1597, 40); 23.33333333333332; 46.66666666666664; [30, 85, 25, 255]; [95, 60, 0, 255]; 2)
Tree((1574, 27); 23.33333333333332; 46.66666666666664; [30, 85, 25, 255]; [95, 60, 0, 255]; 2)
Tree((1453, 360); 23.33333333333332; 46.66666666666664; [30, 85, 25, 255]; [95, 60, 0, 255]; 2)
Tree((1609, 210); 23.33333333333332; 46.66666666666664; [30, 85, 25, 255]; [95, 60, 0, 255]; 2)
Mountain((1535, 236); 69.99999999999997; 93.33333333333329; [112, 112, 112, 255]; True; [255, 255, 255, 255])
Tree((1432, 260); 23.33333333333332; 46.66666666666664; [30, 85, 25, 255]; [95, 60, 0, 255]; 2)
Tree((1498, 305); 23.33333333333332; 46.66666666666664; [30, 85, 25, 255]; [95, 60, 0, 255]; 2)
House((1581, 321); 23.33333333333332; 23.33333333333332; [200, 112, 70, 255]; [112, 70, 40, 255]; [80, 70, 65, 255])
Tree((1450, 288); 23.33333333333332; 46.66666666666664; [30, 85, 25, 255]; [95, 60, 0, 255]; 2)
Tree((1412, 273); 23.33333333333332; 46.66666666666664; [30, 85, 25, 255]; [95, 60, 0, 255]; 2)
House((1421, 368); 23.33333333333332; 23.33333333333332; [200, 112, 70, 255]; [112, 70, 40, 255]; [80, 70, 65, 255])
House((1556, 364); 23.33333333333332; 23.33333333333332; [200, 112, 70, 255]; [112, 70, 40, 255]; [80, 70, 65, 255])
Tree((1491, 245); 23.33333333333332; 46.66666666666664; [30, 85, 25, 255]; [95, 60, 0, 255]; 2)
House((1498, 356); 23.33333333333332; 23.33333333333332; [200, 112, 70, 255]; [112, 70, 40, 255]; [80, 70, 65, 255])
House((1588, 380); 23.33333333333332; 23.33333333333332; [200, 112, 70, 255]; [112, 70, 40, 255]; [80, 70, 65, 255])
Tree((1470, 308); 23.33333333333332; 46.66666666666664; [30, 85, 25, 255]; [95, 60, 0, 255]; 2)
Tree((1585, 203); 23.33333333333332; 46.66666666666664; [30, 85, 25, 255]; [95, 60, 0, 255]; 2)
Tree((1608, 266); 23.33333333333332; 46.66666666666664; [30, 85, 25, 255]; [95, 60, 0, 255]; 2)
House((1594, 301); 23.33333333333332; 23.33333333333332; [200, 112, 70, 255]; [112, 70, 40, 255]; [80, 70, 65, 255])
Tree((1524, 330); 23.33333333333332; 46.66666666666664; [30, 85, 25, 255]; [95, 60, 0, 255]; 2)
Tree((1544, 541); 23.33333333333332; 46.66666666666664; [30, 85, 25, 255]; [95, 60, 0, 255]; 2)
House((1527, 408); 23.33333333333332; 23.33333333333332; [200, 112, 70, 255]; [112, 70, 40, 255]; [80, 70, 65, 255])
House((1439, 436); 23.33333333333332; 23.33333333333332; [200, 112, 70, 255]; [112, 70, 40, 255]; [80, 70, 65, 255])
House((1501, 429); 23.33333333333332; 23.33333333333332; [200, 112, 70, 255]; [112, 70, 40, 255]; [80, 70, 65, 255])
Tree((1575, 558); 23.33333333333332; 46.66666666666664; [30, 85, 25, 255]; [95, 60, 0, 255]; 2)
House((1500, 474); 23.33333333333332; 23.33333333333332; [200, 112, 70, 255]; [112, 70, 40, 255]; [80, 70, 65, 255])
House((1578, 460); 23.33333333333332; 23.33333333333332; [200, 112, 70, 255]; [112, 70, 40, 255]; [80, 70, 65, 255])
Tree((1468, 398); 23.33333333333332; 46.66666666666664; [30, 85, 25, 255]; [95, 60, 0, 255]; 2)
Tree((1524, 440); 23.33333333333332; 46.66666666666664; [30, 85, 25, 255]; [95, 60, 0, 255]; 2)
Tree((1552, 416); 23.33333333333332; 46.66666666666664; [30, 85, 25, 255]; [95, 60, 0, 255]; 2)
Tree((1588, 498); 23.33333333333332; 46.66666666666664; [30, 85, 25, 255]; [95, 60, 0, 255]; 2)
Tree((1597, 408); 23.33333333333332; 46.66666666666664; [30, 85, 25, 255]; [95, 60, 0, 255]; 2)
Mountain((1788, 130); 69.99999999999997; 93.33333333333329; [112, 112, 112, 255]; True; [255, 255, 255, 255])
Tree((1633, 42); 23.33333333333332; 46.66666666666664; [30, 85, 25, 255]; [95, 60, 0, 255]; 2)
Tree((1771, 73); 23.33333333333332; 46.66666666666664; [30, 85, 25, 255]; [95, 60, 0, 255]; 2)
Tree((1700, 184); 23.33333333333332; 46.66666666666664; [30, 85, 25, 255]; [95, 60, 0, 255]; 2)
Mountain((1721, 81); 69.99999999999997; 93.33333333333329; [112, 112, 112, 255]; True; [255, 255, 255, 255])
Tree((1672, 165); 23.33333333333332; 46.66666666666664; [30, 85, 25, 255]; [95, 60, 0, 255]; 2)
Tree((1683, 5); 23.33333333333332; 46.66666666666664; [30, 85, 25, 255]; [95, 60, 0, 255]; 2)
Tree((1660, 67); 23.33333333333332; 46.66666666666664; [30, 85, 25, 255]; [95, 60, 0, 255]; 2)
Tree((1629, 188); 23.33333333333332; 46.66666666666664; [30, 85, 25, 255]; [95, 60, 0, 255]; 2)
Tree((1730, 9); 23.33333333333332; 46.66666666666664; [30, 85, 25, 255]; [95, 60, 0, 255]; 2)
Tree((1630, 138); 23.33333333333332; 46.66666666666664; [30, 85, 25, 255]; [95, 60, 0, 255]; 2)
Tree((1748, 154); 23.33333333333332; 46.66666666666664; [30, 85, 25, 255]; [95, 60, 0, 255]; 2)
Tree((1771, 26); 23.33333333333332; 46.66666666666664; [30, 85, 25, 255]; [95, 60, 0, 255]; 2)
Tree((1799, 27); 23.33333333333332; 46.66666666666664; [30, 85, 25, 255]; [95, 60, 0, 255]; 2)
Hill((1638, 242); 11.66666666666666; [15, 112, 26, 255])
Hill((1716, 278); 11.66666666666666; [15, 112, 26, 255])
Hill((1656, 325); 11.66666666666666; [15, 112, 26, 255])
Hill((1757, 315); 11.66666666666666; [15, 112, 26, 255])
Hill((1749, 225); 11.66666666666666; [15, 112, 26, 255])
Hill((1807, 226); 11.66666666666666; [15, 112, 26, 255])
Hill((1750, 261); 11.66666666666666; [15, 112, 26, 255])
Hill((1794, 384); 11.66666666666666; [15, 112, 26, 255])
Hill((1786, 252); 11.66666666666666; [15, 112, 26, 255])
Hill((1639, 286); 11.66666666666666; [15, 112, 26, 255])
Hill((1757, 344); 11.66666666666666; [15, 112, 26, 255])
Hill((1807, 209); 11.66666666666666; [15, 112, 26, 255])
Hill((1719, 242); 11.66666666666666; [15, 112, 26, 255])
House((1617, 377); 23.33333333333332; 23.33333333333332; [200, 112, 70, 255]; [112, 70, 40, 255]; [80, 70, 65, 255])
House((1633, 312); 23.33333333333332; 23.33333333333332; [200, 112, 70, 255]; [112, 70, 40, 255]; [80, 70, 65, 255])
Hill((1666, 304); 11.66666666666666; [15, 112, 26, 255])
Hill((1668, 330); 11.66666666666666; [15, 112, 26, 255])
House((1646, 345); 23.33333333333332; 23.33333333333332; [200, 112, 70, 255]; [112, 70, 40, 255]; [80, 70, 65, 255])
Hill((1720, 296); 11.66666666666666; [15, 112, 26, 255])
Hill((1721, 220); 11.66666666666666; [15, 112, 26, 255])
Hill((1790, 330); 11.66666666666666; [15, 112, 26, 255])
Hill((1704, 318); 11.66666666666666; [15, 112, 26, 255])
Hill((1804, 281); 11.66666666666666; [15, 112, 26, 255])
Hill((1690, 354); 11.66666666666666; [15, 112, 26, 255])
Hill((1680, 374); 11.66666666666666; [15, 112, 26, 255])
Hill((1716, 269); 11.66666666666666; [15, 112, 26, 255])
Hill((1673, 238); 11.66666666666666; [15, 112, 26, 255])
Hill((1770, 325); 11.66666666666666; [15, 112, 26, 255])
Hill((1708, 259); 11.66666666666666; [15, 112, 26, 255])
Hill((1674, 287); 11.66666666666666; [15, 112, 26, 255])
Hill((1787, 355); 11.66666666666666; [15, 112, 26, 255])
Hill((1786, 230); 11.66666666666666; [15, 112, 26, 255])
Hill((1747, 361); 11.66666666666666; [15, 112, 26, 255])
Hill((1790, 376); 11.66666666666666; [15, 112, 26, 255])
Hill((1731, 373); 11.66666666666666; [15, 112, 26, 255])
Hill((1729, 305); 11.66666666666666; [15, 112, 26, 255])
Hill((1735, 344); 11.66666666666666; [15, 112, 26, 255])
Hill((1753, 238); 11.66666666666666; [15, 112, 26, 255])
Hill((1766, 276); 11.66666666666666; [15, 112, 26, 255])
Hill((1736, 394); 11.66666666666666; [15, 112, 26, 255])
Hill((1670, 252); 11.66666666666666; [15, 112, 26, 255])
Hill((1750, 439); 11.66666666666666; [15, 112, 26, 255])
Hill((1771, 510); 11.66666666666666; [15, 112, 26, 255])
Hill((1795, 459); 11.66666666666666; [15, 112, 26, 255])
Tree((1668, 544); 23.33333333333332; 46.66666666666664; [30, 85, 25, 255]; [95, 60, 0, 255]; 2)
House((1743, 550); 23.33333333333332; 23.33333333333332; [200, 112, 70, 255]; [112, 70, 40, 255]; [80, 70, 65, 255])
Hill((1806, 522); 11.66666666666666; [15, 112, 26, 255])
Hill((1790, 544); 11.66666666666666; [15, 112, 26, 255])
Hill((1797, 487); 11.66666666666666; [15, 112, 26, 255])
Tree((1622, 513); 23.33333333333332; 46.66666666666664; [30, 85, 25, 255]; [95, 60, 0, 255]; 2)
Hill((1735, 418); 11.66666666666666; [15, 112, 26, 255])
Hill((1741, 479); 11.66666666666666; [15, 112, 26, 255])
House((1696, 481); 23.33333333333332; 23.33333333333332; [200, 112, 70, 255]; [112, 70, 40, 255]; [80, 70, 65, 255])
Hill((1756, 417); 11.66666666666666; [15, 112, 26, 255])
Tree((1662, 409); 23.33333333333332; 46.66666666666664; [30, 85, 25, 255]; [95, 60, 0, 255]; 2)
Hill((1775, 406); 11.66666666666666; [15, 112, 26, 255])
House((1642, 549); 23.33333333333332; 23.33333333333332; [200, 112, 70, 255]; [112, 70, 40, 255]; [80, 70, 65, 255])
House((1643, 437); 23.33333333333332; 23.33333333333332; [200, 112, 70, 255]; [112, 70, 40, 255]; [80, 70, 65, 255])
Tree((1612, 454); 23.33333333333332; 46.66666666666664; [30, 85, 25, 255]; [95, 60, 0, 255]; 2)
Hill((1799, 415); 11.66666666666666; [15, 112, 26, 255])
House((1693, 412); 23.33333333333332; 23.33333333333332; [200, 112, 70, 255]; [112, 70, 40, 255]; [80, 70, 65, 255])
Tree((1718, 551); 23.33333333333332; 46.66666666666664; [30, 85, 25, 255]; [95, 60, 0, 255]; 2)
Hill((1756, 457); 11.66666666666666; [15, 112, 26, 255])
Hill((1773, 476); 11.66666666666666; [15, 112, 26, 255])
House((1695, 531); 23.33333333333332; 23.33333333333332; [200, 112, 70, 255]; [112, 70, 40, 255]; [80, 70, 65, 255])
Hill((1798, 438); 11.66666666666666; [15, 112, 26, 255])
Hill((1751, 488); 11.66666666666666; [15, 112, 26, 255])
Hill((1806, 548); 11.66666666666666; [15, 112, 26, 255])
Hill((1736, 460); 11.66666666666666; [15, 112, 26, 255])
Hill((1801, 495); 11.66666666666666; [15, 112, 26, 255])
House((1650, 474); 23.33333333333332; 23.33333333333332; [200, 112, 70, 255]; [112, 70, 40, 255]; [80, 70, 65, 255])
Hill((1717, 417); 11.66666666666666; [15, 112, 26, 255])
House((1667, 508); 23.33333333333332; 23.33333333333332; [200, 112, 70, 255]; [112, 70, 40, 255]; [80, 70, 65, 255])
Hill((1848, 182); 11.66666666666666; [15, 112, 26, 255])
Hill((1812, 188); 11.66666666666666; [15, 112, 26, 255])
Tree((1840, 43); 23.33333333333332; 46.66666666666664; [30, 85, 25, 255]; [95, 60, 0, 255]; 2)
Hill((1844, 158); 11.66666666666666; [15, 112, 26, 255])
Hill((1852, 107); 11.66666666666666; [15, 112, 26, 255])
Hill((1841, 175); 11.66666666666666; [15, 112, 26, 255])
Hill((1815, 400); 11.66666666666666; [15, 112, 26, 255])
Hill((1829, 381); 11.66666666666666; [15, 112, 26, 255])
Hill((1826, 372); 11.66666666666666; [15, 112, 26, 255])
Hill((1849, 203); 11.66666666666666; [15, 112, 26, 255])
Hill((1829, 270); 11.66666666666666; [15, 112, 26, 255])
Hill((1843, 392); 11.66666666666666; [15, 112, 26, 255])
Hill((1834, 343); 11.66666666666666; [15, 112, 26, 255])
Hill((1832, 299); 11.66666666666666; [15, 112, 26, 255])
Hill((1824, 244); 11.66666666666666; [15, 112, 26, 255])
Hill((1843, 304); 11.66666666666666; [15, 112, 26, 255])
Hill((1852, 537); 11.66666666666666; [15, 112, 26, 255])
Hill((1827, 438); 11.66666666666666; [15, 112, 26, 255])
Hill((1816, 565); 11.66666666666666; [15, 112, 26, 255])
Hill((1842, 576); 11.66666666666666; [15, 112, 26, 255])
Hill((1818, 459); 11.66666666666666; [15, 112, 26, 255])
Hill((1838, 472); 11.66666666666666; [15, 112, 26, 255])
Hill((1844, 509); 11.66666666666666; [15, 112, 26, 255])
Hill((1831, 491); 11.66666666666666; [15, 112, 26, 255])
Hill((1842, 552); 11.66666666666666; [15, 112, 26, 255])
Hill((1820, 413); 11.66666666666666; [15, 112, 26, 255])