
Hill((134, 56); 5; [15, 112, 26, 255])
Hill((163, 73); 5; [15, 112, 26, 255])
Hill((124, 44); 5; [15, 112, 26, 255])
Hill((137, 123); 5; [15, 112, 26, 255])
Hill((168, 90); 5; [15, 112, 26, 255])
Hill((106, 37); 5; [15, 112, 26, 255])
Tree((165, 195); 15; 20; [45, 112, 3, 255]; [112, 52, 3, 255]; 1)
House((128, 135); 10; 10; [200, 112, 70, 255]; [112, 70, 40, 255]; [80, 70, 65, 255])
Tree((73, 104); 15; 20; [45, 112, 3, 255]; [112, 52, 3, 255]; 1)
House((96, 174); 10; 10; [200, 112, 70, 255]; [112, 70, 40, 255]; [80, 70, 65, 255])
Tree((75, 187); 15; 20; [45, 112, 3, 255]; [112, 52, 3, 255]; 1)
Tree((63, 195); 15; 20; [45, 112, 3, 255]; [112, 52, 3, 255]; 1)
House((38, 129); 10; 10; [200, 112, 70, 255]; [112, 70, 40, 255]; [80, 70, 65, 255])
Tree((40, 83); 15; 20; [45, 112, 3, 255]; [112, 52, 3, 255]; 1)
Tree((167, 163); 15; 20; [45, 112, 3, 255]; [112, 52, 3, 255]; 1)
House((183, 176); 10; 10; [200, 112, 70, 255]; [112, 70, 40, 255]; [80, 70, 65, 255])
House((73, 155); 10; 10; [200, 112, 70, 255]; [112, 70, 40, 255]; [80, 70, 65, 255])
Hill((16, 24); 5; [15, 112, 26, 255])
Hill((143, 104); 5; [15, 112, 26, 255])
Hill((74, 22); 5; [15, 112, 26, 255])
House((37, 190); 10; 10; [200, 112, 70, 255]; [112, 70, 40, 255]; [80, 70, 65, 255])
Hill((90, 5); 5; [15, 112, 26, 255])
Hill((164, 102); 5; [15, 112, 26, 255])
Tree((7, 17); 15; 20; [45, 112, 3, 255]; [112, 52, 3, 255]; 1)
Hill((163, 68); 5; [15, 112, 26, 255])
Hill((15, 5); 5; [15, 112, 26, 255])
House((107, 120); 10; 10; [200, 112, 70, 255]; [112, 70, 40, 255]; [80, 70, 65, 255])
Tree((79, 126); 15; 20; [45, 112, 3, 255]; [112, 52, 3, 255]; 1)
House((37, 292); 10; 10; [200, 112, 70, 255]; [112, 70, 40, 255]; [80, 70, 65, 255])
Tree((90, 328); 15; 20; [45, 112, 3, 255]; [112, 52, 3, 255]; 1)
Tree((182, 199); 15; 20; [45, 112, 3, 255]; [112, 52, 3, 255]; 1)
Tree((105, 320); 15; 20; [45, 112, 3, 255]; [112, 52, 3, 255]; 1)
House((136, 397); 10; 10; [200, 112, 70, 255]; [112, 70, 40, 255]; [80, 70, 65, 255])
House((155, 286); 10; 10; [200, 112, 70, 255]; [112, 70, 40, 255]; [80, 70, 65, 255])
Tree((121, 351); 15; 20; [45, 112, 3, 255]; [112, 52, 3, 255]; 1)
House((60, 320); 10; 10; [200, 112, 70, 255]; [112, 70, 40, 255]; [80, 70, 65, 255])
Tree((39, 392); 15; 20; [45, 112, 3, 255]; [112, 52, 3, 255]; 1)
House((204, 206); 10; 10; [200, 112, 70, 255]; [112, 70, 40, 255]; [80, 70, 65, 255])
House((14, 295); 10; 10; [200, 112, 70, 255]; [112, 70, 40, 255]; [80, 70, 65, 255])
House((35, 369); 10; 10; [200, 112, 70, 255]; [112, 70, 40, 255]; [80, 70, 65, 255])
Tree((62, 242); 15; 20; [45, 112, 3, 255]; [112, 52, 3, 255]; 1)
House((139, 330); 10; 10; [200, 112, 70, 255]; [112, 70, 40, 255]; [80, 70, 65, 255])
House((69, 225); 10; 10; [200, 112, 70, 255]; [112, 70, 40, 255]; [80, 70, 65, 255])
House((5, 373); 10; 10; [200, 112, 70, 255]; [112, 70, 40, 255]; [80, 70, 65, 255])
House((186, 384); 10; 10; [200, 112, 70, 255]; [112, 70, 40, 255]; [80, 70, 65, 255])
House((92, 240); 10; 10; [200, 112, 70, 255]; [112, 70, 40, 255]; [80, 70, 65, 255])
House((176, 401); 10; 10; [200, 112, 70, 255]; [112, 70, 40, 255]; [80, 70, 65, 255])
House((97, 473); 10; 10; [200, 112, 70, 255]; [112, 70, 40, 255]; [80, 70, 65, 255])
Tree((93, 416); 15; 20; [45, 112, 3, 255]; [112, 52, 3, 255]; 1)
Tree((126, 523); 15; 20; [45, 112, 3, 255]; [112, 52, 3, 255]; 1)
Tree((65, 473); 15; 20; [45, 112, 3, 255]; [112, 52, 3, 255]; 1)
House((24, 442); 10; 10; [200, 112, 70, 255]; [112, 70, 40, 255]; [80, 70, 65, 255])
Tree((121, 414); 15; 20; [45, 112, 3, 255]; [112, 52, 3, 255]; 1)
Tree((11, 502); 15; 20; [45, 112, 3, 255]; [112, 52, 3, 255]; 1)
Tree((204, 428); 15; 20; [45, 112, 3, 255]; [112, 52, 3, 255]; 1)
House((90, 590); 10; 10; [200, 112, 70, 255]; [112, 70, 40, 255]; [80, 70, 65, 255])
Tree((207, 560); 15; 20; [45, 112, 3, 255]; [112, 52, 3, 255]; 1)
House((18, 432); 10; 10; [200, 112, 70, 255]; [112, 70, 40, 255]; [80, 70, 65, 255])
Tree((156, 508); 15; 20; [45, 112, 3, 255]; [112, 52, 3, 255]; 1)
House((124, 567); 10; 10; [200, 112, 70, 255]; [112, 70, 40, 255]; [80, 70, 65, 255])
Tree((156, 570); 15; 20; [45, 112, 3, 255]; [112, 52, 3, 255]; 1)
Tree((41, 524); 15; 20; [45, 112, 3, 255]; [112, 52, 3, 255]; 1)
House((177, 434); 10; 10; [200, 112, 70, 255]; [112, 70, 40, 255]; [80, 70, 65, 255])
Tree((163, 488); 15; 20; [45, 112, 3, 255]; [112, 52, 3, 255]; 1)
House((172, 530); 10; 10; [200, 112, 70, 255]; [112, 70, 40, 255]; [80, 70, 65, 255])
House((99, 572); 10; 10; [200, 112, 70, 255]; [112, 70, 40, 255]; [80, 70, 65, 255])
House((54, 512); 10; 10; [200, 112, 70, 255]; [112, 70, 40, 255]; [80, 70, 65, 255])
House((173, 513); 10; 10; [200, 112, 70, 255]; [112, 70, 40, 255]; [80, 70, 65, 255])
Tree((31, 584); 15; 20; [45, 112, 3, 255]; [112, 52, 3, 255]; 1)
Hill((109, 674); 5; [15, 112, 26, 255])
Hill((171, 633); 5; [15, 112, 26, 255])
Hill((169, 653); 5; [15, 112, 26, 255])
House((153, 615); 10; 10; [200, 112, 70, 255]; [112, 70, 40, 255]; [80, 70, 65, 255])
Hill((140, 653); 5; [15, 112, 26, 255])
House((103, 632); 10; 10; [200, 112, 70, 255]; [112, 70, 40, 255]; [80, 70, 65, 255])
Hill((185, 655); 5; [15, 112, 26, 255])
Tree((25, 637); 15; 20; [45, 112, 3, 255]; [112, 52, 3, 255]; 1)
House((82, 612); 10; 10; [200, 112, 70, 255]; [112, 70, 40, 255]; [80, 70, 65, 255])
House((5, 691); 10; 10; [200, 112, 70, 255]; [112, 70, 40, 255]; [80, 70, 65, 255])
Hill((132, 662); 5; [15, 112, 26, 255])
Hill((116, 655); 5; [15, 112, 26, 255])
Hill((291, 113); 5; [15, 112, 26, 255])
Hill((234, 144); 5; [15, 112, 26, 255])
Hill((221, 64); 5; [15, 112, 26, 255])
Hill((300, 116); 5; [15, 112, 26, 255])
Hill((215, 182); 5; [15, 112, 26, 255])
Hill((235, 73); 5; [15, 112, 26, 255])
Hill((268, 92); 5; [15, 112, 26, 255])
Hill((338, 134); 5; [15, 112, 26, 255])
Hill((214, 152); 5; [15, 112, 26, 255])
Hill((233, 66); 5; [15, 112, 26, 255])
Hill((290, 160); 5; [15, 112, 26, 255])
Hill((278, 107); 5; [15, 112, 26, 255])
Hill((378, 149); 5; [15, 112, 26, 255])
Hill((246, 127); 5; [15, 112, 26, 255])
Hill((249, 85); 5; [15, 112, 26, 255])
Hill((253, 139); 5; [15, 112, 26, 255])
Hill((357, 142); 5; [15, 112, 26, 255])
Hill((386, 270); 5; [15, 112, 26, 255])
House((237, 347); 10; 10; [200, 112, 70, 255]; [112, 70, 40, 255]; [80, 70, 65, 255])
Hill((387, 337); 5; [15, 112, 26, 255])
Hill((402, 311); 5; [15, 112, 26, 255])
Hill((397, 326); 5; [15, 112, 26, 255])
House((220, 227); 10; 10; [200, 112, 70, 255]; [112, 70, 40, 255]; [80, 70, 65, 255])
Tree((262, 279); 15; 20; [45, 112, 3, 255]; [112, 52, 3, 255]; 1)
House((211, 282); 10; 10; [200, 112, 70, 255]; [112, 70, 40, 255]; [80, 70, 65, 255])
Hill((363, 279); 5; [15, 112, 26, 255])
Hill((380, 259); 5; [15, 112, 26, 255])
Tree((214, 249); 15; 20; [45, 112, 3, 255]; [112, 52, 3, 255]; 1)
Tree((255, 311); 15; 20; [45, 112, 3, 255]; [112, 52, 3, 255]; 1)
Tree((247, 337); 15; 20; [45, 112, 3, 255]; [112, 52, 3, 255]; 1)
House((302, 301); 10; 10; [200, 112, 70, 255]; [112, 70, 40, 255]; [80, 70, 65, 255])
Hill((361, 274); 5; [15, 112, 26, 255])
Tree((313, 319); 15; 20; [45, 112, 3, 255]; [112, 52, 3, 255]; 1)
Tree((241, 393); 15; 20; [45, 112, 3, 255]; [112, 52, 3, 255]; 1)
Hill((364, 320); 5; [15, 112, 26, 255])
Tree((231, 208); 15; 20; [45, 112, 3, 255]; [112, 52, 3, 255]; 1)
Hill((354, 251); 5; [15, 112, 26, 255])
Hill((391, 214); 5; [15, 112, 26, 255])
Hill((337, 252); 5; [15, 112, 26, 255])
Hill((309, 228); 5; [15, 112, 26, 255])
House((260, 344); 10; 10; [200, 112, 70, 255]; [112, 70, 40, 255]; [80, 70, 65, 255])
Hill((329, 598); 5; [15, 112, 26, 255])
Tree((299, 506); 15; 20; [45, 112, 3, 255]; [112, 52, 3, 255]; 1)
House((404, 493); 10; 10; [200, 112, 70, 255]; [112, 70, 40, 255]; [80, 70, 65, 255])
House((264, 554); 10; 10; [200, 112, 70, 255]; [112, 70, 40, 255]; [80, 70, 65, 255])
House((323, 493); 10; 10; [200, 112, 70, 255]; [112, 70, 40, 255]; [80, 70, 65, 255])
Hill((259, 580); 5; [15, 112, 26, 255])
Hill((404, 533); 5; [15, 112, 26, 255])
Hill((313, 557); 5; [15, 112, 26, 255])
Tree((304, 465); 15; 20; [45, 112, 3, 255]; [112, 52, 3, 255]; 1)
Hill((209, 599); 5; [15, 112, 26, 255])
House((215, 508); 10; 10; [200, 112, 70, 255]; [112, 70, 40, 255]; [80, 70, 65, 255])
Hill((263, 592); 5; [15, 112, 26, 255])
Hill((361, 595); 5; [15, 112, 26, 255])
Hill((272, 592); 5; [15, 112, 26, 255])
Tree((327, 421); 15; 20; [45, 112, 3, 255]; [112, 52, 3, 255]; 1)
Hill((290, 585); 5; [15, 112, 26, 255])
Hill((294, 558); 5; [15, 112, 26, 255])
Hill((386, 578); 5; [15, 112, 26, 255])
Hill((299, 564); 5; [15, 112, 26, 255])
Hill((339, 554); 5; [15, 112, 26, 255])
Tree((354, 452); 15; 20; [45, 112, 3, 255]; [112, 52, 3, 255]; 1)
Hill((354, 524); 5; [15, 112, 26, 255])
Hill((310, 581); 5; [15, 112, 26, 255])
Tree((258, 464); 15; 20; [45, 112, 3, 255]; [112, 52, 3, 255]; 1)
House((314, 511); 10; 10; [200, 112, 70, 255]; [112, 70, 40, 255]; [80, 70, 65, 255])
Hill((307, 548); 5; [15, 112, 26, 255])
Hill((343, 566); 5; [15, 112, 26, 255])
House((330, 477); 10; 10; [200, 112, 70, 255]; [112, 70, 40, 255]; [80, 70, 65, 255])
Tree((214, 409); 15; 20; [45, 112, 3, 255]; [112, 52, 3, 255]; 1)
Hill((266, 569); 5; [15, 112, 26, 255])
House((220, 574); 10; 10; [200, 112, 70, 255]; [112, 70, 40, 255]; [80, 70, 65, 255])
Hill((371, 581); 5; [15, 112, 26, 255])
Hill((281, 568); 5; [15, 112, 26, 255])
House((289, 460); 10; 10; [200, 112, 70, 255]; [112, 70, 40, 255]; [80, 70, 65, 255])
Hill((372, 529); 5; [15, 112, 26, 255])
House((228, 565); 10; 10; [200, 112, 70, 255]; [112, 70, 40, 255]; [80, 70, 65, 255])
Hill((371, 525); 5; [15, 112, 26, 255])
Tree((253, 406); 15; 20; [45, 112, 3, 255]; [112, 52, 3, 255]; 1)
Hill((293, 591); 5; [15, 112, 26, 255])
Hill((279, 644); 5; [15, 112, 26, 255])
Hill((381, 609); 5; [15, 112, 26, 255])
Hill((290, 632); 5; [15, 112, 26, 255])
Hill((257, 677); 5; [15, 112, 26, 255])
Hill((244, 631); 5; [15, 112, 26, 255])
Hill((271, 665); 5; [15, 112, 26, 255])
Hill((340, 642); 5; [15, 112, 26, 255])
Hill((282, 650); 5; [15, 112, 26, 255])
Hill((396, 649); 5; [15, 112, 26, 255])
Hill((340, 679); 5; [15, 112, 26, 255])
Hill((293, 660); 5; [15, 112, 26, 255])
Hill((267, 621); 5; [15, 112, 26, 255])
Hill((308, 611); 5; [15, 112, 26, 255])
Hill((376, 671); 5; [15, 112, 26, 255])
Hill((240, 608); 5; [15, 112, 26, 255])
Hill((364, 647); 5; [15, 112, 26, 255])
Hill((213, 621); 5; [15, 112, 26, 255])
Hill((211, 661); 5; [15, 112, 26, 255])
Hill((347, 615); 5; [15, 112, 26, 255])
Hill((347, 643); 5; [15, 112, 26, 255])
Hill((295, 621); 5; [15, 112, 26, 255])
Hill((311, 656); 5; [15, 112, 26, 255])
Hill((324, 671); 5; [15, 112, 26, 255])
Hill((394, 663); 5; [15, 112, 26, 255])
Hill((318, 642); 5; [15, 112, 26, 255])
Hill((208, 608); 5; [15, 112, 26, 255])
Hill((331, 620); 5; [15, 112, 26, 255])
Hill((270, 650); 5; [15, 112, 26, 255])
Hill((366, 613); 5; [15, 112, 26, 255])
Hill((355, 678); 5; [15, 112, 26, 255])
Hill((299, 641); 5; [15, 112, 26, 255])
Hill((412, 163); 5; [15, 112, 26, 255])
Hill((448, 183); 5; [15, 112, 26, 255])
Hill((427, 167); 5; [15, 112, 26, 255])
Hill((441, 193); 5; [15, 112, 26, 255])
Hill((442, 233); 5; [15, 112, 26, 255])
Hill((432, 341); 5; [15, 112, 26, 255])
Hill((530, 288); 5; [15, 112, 26, 255])
Hill((465, 315); 5; [15, 112, 26, 255])
Hill((451, 230); 5; [15, 112, 26, 255])
Hill((536, 324); 5; [15, 112, 26, 255])
Hill((477, 308); 5; [15, 112, 26, 255])
Hill((533, 295); 5; [15, 112, 26, 255])
Hill((520, 347); 5; [15, 112, 26, 255])
Hill((480, 201); 5; [15, 112, 26, 255])
Hill((443, 329); 5; [15, 112, 26, 255])
Hill((517, 341); 5; [15, 112, 26, 255])
Hill((485, 225); 5; [15, 112, 26, 255])
House((518, 584); 10; 10; [200, 112, 70, 255]; [112, 70, 40, 255]; [80, 70, 65, 255])
House((511, 468); 10; 10; [200, 112, 70, 255]; [112, 70, 40, 255]; [80, 70, 65, 255])
House((574, 531); 10; 10; [200, 112, 70, 255]; [112, 70, 40, 255]; [80, 70, 65, 255])
House((480, 521); 10; 10; [200, 112, 70, 255]; [112, 70, 40, 255]; [80, 70, 65, 255])
House((560, 551); 10; 10; [200, 112, 70, 255]; [112, 70, 40, 255]; [80, 70, 65, 255])
Tree((597, 563); 15; 20; [45, 112, 3, 255]; [112, 52, 3, 255]; 1)
Tree((553, 465); 15; 20; [45, 112, 3, 255]; [112, 52, 3, 255]; 1)
House((588, 516); 10; 10; [200, 112, 70, 255]; [112, 70, 40, 255]; [80, 70, 65, 255])
Hill((467, 584); 5; [15, 112, 26, 255])
Tree((485, 483); 15; 20; [45, 112, 3, 255]; [112, 52, 3, 255]; 1)
Tree((585, 585); 15; 20; [45, 112, 3, 255]; [112, 52, 3, 255]; 1)
House((551, 591); 10; 10; [200, 112, 70, 255]; [112, 70, 40, 255]; [80, 70, 65, 255])
House((474, 427); 10; 10; [200, 112, 70, 255]; [112, 70, 40, 255]; [80, 70, 65, 255])
Tree((507, 426); 15; 20; [45, 112, 3, 255]; [112, 52, 3, 255]; 1)
Tree((496, 413); 15; 20; [45, 112, 3, 255]; [112, 52, 3, 255]; 1)
Tree((526, 471); 15; 20; [45, 112, 3, 255]; [112, 52, 3, 255]; 1)
House((536, 485); 10; 10; [200, 112, 70, 255]; [112, 70, 40, 255]; [80, 70, 65, 255])
Hill((466, 550); 5; [15, 112, 26, 255])
House((545, 437); 10; 10; [200, 112, 70, 255]; [112, 70, 40, 255]; [80, 70, 65, 255])
House((509, 510); 10; 10; [200, 112, 70, 255]; [112, 70, 40, 255]; [80, 70, 65, 255])
Tree((506, 523); 15; 20; [45, 112, 3, 255]; [112, 52, 3, 255]; 1)
House((413, 425); 10; 10; [200, 112, 70, 255]; [112, 70, 40, 255]; [80, 70, 65, 255])
Tree((458, 500); 15; 20; [45, 112, 3, 255]; [112, 52, 3, 255]; 1)
House((573, 503); 10; 10; [200, 112, 70, 255]; [112, 70, 40, 255]; [80, 70, 65, 255])
Hill((434, 593); 5; [15, 112, 26, 255])
Tree((503, 549); 15; 20; [45, 112, 3, 255]; [112, 52, 3, 255]; 1)
Tree((570, 470); 15; 20; [45, 112, 3, 255]; [112, 52, 3, 255]; 1)
Hill((433, 527); 5; [15, 112, 26, 255])
House((413, 490); 10; 10; [200, 112, 70, 255]; [112, 70, 40, 255]; [80, 70, 65, 255])
Tree((480, 541); 15; 20; [45, 112, 3, 255]; [112, 52, 3, 255]; 1)
Tree((520, 493); 15; 20; [45, 112, 3, 255]; [112, 52, 3, 255]; 1)
Hill((414, 592); 5; [15, 112, 26, 255])
Hill((421, 516); 5; [15, 112, 26, 255])
Hill((447, 592); 5; [15, 112, 26, 255])
House((517, 412); 10; 10; [200, 112, 70, 255]; [112, 70, 40, 255]; [80, 70, 65, 255])
House((559, 406); 10; 10; [200, 112, 70, 255]; [112, 70, 40, 255]; [80, 70, 65, 255])
Tree((490, 508); 15; 20; [45, 112, 3, 255]; [112, 52, 3, 255]; 1)
House((550, 530); 10; 10; [200, 112, 70, 255]; [112, 70, 40, 255]; [80, 70, 65, 255])
Tree((603, 443); 15; 20; [45, 112, 3, 255]; [112, 52, 3, 255]; 1)
House((492, 463); 10; 10; [200, 112, 70, 255]; [112, 70, 40, 255]; [80, 70, 65, 255])
House((561, 582); 10; 10; [200, 112, 70, 255]; [112, 70, 40, 255]; [80, 70, 65, 255])
House((598, 534); 10; 10; [200, 112, 70, 255]; [112, 70, 40, 255]; [80, 70, 65, 255])
House((481, 415); 10; 10; [200, 112, 70, 255]; [112, 70, 40, 255]; [80, 70, 65, 255])
House((532, 535); 10; 10; [200, 112, 70, 255]; [112, 70, 40, 255]; [80, 70, 65, 255])
House((582, 451); 10; 10; [200, 112, 70, 255]; [112, 70, 40, 255]; [80, 70, 65, 255])
Tree((488, 558); 15; 20; [45, 112, 3, 255]; [112, 52, 3, 255]; 1)
Hill((437, 571); 5; [15, 112, 26, 255])
House((533, 503); 10; 10; [200, 112, 70, 255]; [112, 70, 40, 255]; [80, 70, 65, 255])
House((581, 435); 10; 10; [200, 112, 70, 255]; [112, 70, 40, 255]; [80, 70, 65, 255])
House((558, 451); 10; 10; [200, 112, 70, 255]; [112, 70, 40, 255]; [80, 70, 65, 255])
House((495, 499); 10; 10; [200, 112, 70, 255]; [112, 70, 40, 255]; [80, 70, 65, 255])
Hill((411, 547); 5; [15, 112, 26, 255])
House((602, 553); 10; 10; [200, 112, 70, 255]; [112, 70, 40, 255]; [80, 70, 65, 255])
Hill((445, 492); 5; [15, 112, 26, 255])
House((595, 507); 10; 10; [200, 112, 70, 255]; [112, 70, 40, 255]; [80, 70, 65, 255])
Tree((586, 461); 15; 20; [45, 112, 3, 255]; [112, 52, 3, 255]; 1)
Hill((469, 559); 5; [15, 112, 26, 255])
Tree((420, 448); 15; 20; [45, 112, 3, 255]; [112, 52, 3, 255]; 1)
House((590, 546); 10; 10; [200, 112, 70, 255]; [112, 70, 40, 255]; [80, 70, 65, 255])
Hill((478, 575); 5; [15, 112, 26, 255])
Hill((587, 668); 5; [15, 112, 26, 255])
Hill((550, 655); 5; [15, 112, 26, 255])
Hill((451, 678); 5; [15, 112, 26, 255])
Hill((414, 653); 5; [15, 112, 26, 255])
Hill((582, 645); 5; [15, 112, 26, 255])
Hill((589, 680); 5; [15, 112, 26, 255])
Tree((581, 624); 15; 20; [45, 112, 3, 255]; [112, 52, 3, 255]; 1)
Hill((439, 645); 5; [15, 112, 26, 255])
House((538, 605); 10; 10; [200, 112, 70, 255]; [112, 70, 40, 255]; [80, 70, 65, 255])
Hill((479, 660); 5; [15, 112, 26, 255])
Hill((574, 707); 5; [15, 112, 26, 255])
Hill((568, 653); 5; [15, 112, 26, 255])
Tree((514, 632); 15; 20; [45, 112, 3, 255]; [112, 52, 3, 255]; 1)
Hill((566, 774); 5; [15, 112, 26, 255])
Hill((589, 709); 5; [15, 112, 26, 255])
Hill((576, 775); 5; [15, 112, 26, 255])
Hill((589, 730); 5; [15, 112, 26, 255])
Hill((429, 601); 5; [15, 112, 26, 255])
Hill((572, 780); 5; [15, 112, 26, 255])
House((493, 613); 10; 10; [200, 112, 70, 255]; [112, 70, 40, 255]; [80, 70, 65, 255])
Hill((562, 683); 5; [15, 112, 26, 255])
Hill((530, 710); 5; [15, 112, 26, 255])
Hill((552, 708); 5; [15, 112, 26, 255])
Hill((486, 636); 5; [15, 112, 26, 255])
Hill((561, 719); 5; [15, 112, 26, 255])
Tree((521, 606); 15; 20; [45, 112, 3, 255]; [112, 52, 3, 255]; 1)
Hill((559, 647); 5; [15, 112, 26, 255])
Hill((433, 617); 5; [15, 112, 26, 255])
Hill((546, 798); 5; [15, 112, 26, 255])
Hill((547, 744); 5; [15, 112, 26, 255])
Hill((495, 631); 5; [15, 112, 26, 255])
Hill((579, 751); 5; [15, 112, 26, 255])
Hill((556, 673); 5; [15, 112, 26, 255])
Hill((533, 714); 5; [15, 112, 26, 255])
Tree((538, 617); 15; 20; [45, 112, 3, 255]; [112, 52, 3, 255]; 1)
Hill((591, 656); 5; [15, 112, 26, 255])
Hill((600, 727); 5; [15, 112, 26, 255])
Hill((460, 632); 5; [15, 112, 26, 255])
Hill((479, 602); 5; [15, 112, 26, 255])
Hill((542, 659); 5; [15, 112, 26, 255])
Hill((556, 795); 5; [15, 112, 26, 255])
Tree((605, 601); 15; 20; [45, 112, 3, 255]; [112, 52, 3, 255]; 1)
Hill((543, 768); 5; [15, 112, 26, 255])
Hill((576, 670); 5; [15, 112, 26, 255])
Hill((463, 604); 5; [15, 112, 26, 255])
Hill((551, 779); 5; [15, 112, 26, 255])
Tree((525, 642); 15; 20; [45, 112, 3, 255]; [112, 52, 3, 255]; 1)
Hill((534, 770); 5; [15, 112, 26, 255])
Hill((535, 757); 5; [15, 112, 26, 255])
Hill((559, 919); 5; [15, 112, 26, 255])
Hill((581, 833); 5; [15, 112, 26, 255])
Hill((551, 836); 5; [15, 112, 26, 255])
Hill((585, 913); 5; [15, 112, 26, 255])
Hill((572, 879); 5; [15, 112, 26, 255])
Hill((586, 807); 5; [15, 112, 26, 255])
Hill((584, 884); 5; [15, 112, 26, 255])
Hill((563, 836); 5; [15, 112, 26, 255])
Hill((572, 851); 5; [15, 112, 26, 255])
Hill((572, 860); 5; [15, 112, 26, 255])
Hill((582, 869); 5; [15, 112, 26, 255])
Hill((540, 828); 5; [15, 112, 26, 255])
Hill((597, 855); 5; [15, 112, 26, 255])
Hill((580, 829); 5; [15, 112, 26, 255])
Hill((596, 843); 5; [15, 112, 26, 255])
Hill((563, 874); 5; [15, 112, 26, 255])
Hill((556, 895); 5; [15, 112, 26, 255])
Hill((565, 807); 5; [15, 112, 26, 255])
Hill((549, 880); 5; [15, 112, 26, 255])
Hill((536, 841); 5; [15, 112, 26, 255])
Hill((570, 898); 5; [15, 112, 26, 255])
Hill((573, 864); 5; [15, 112, 26, 255])
House((647, 457); 10; 10; [200, 112, 70, 255]; [112, 70, 40, 255]; [80, 70, 65, 255])
House((676, 491); 10; 10; [200, 112, 70, 255]; [112, 70, 40, 255]; [80, 70, 65, 255])
House((678, 519); 10; 10; [200, 112, 70, 255]; [112, 70, 40, 255]; [80, 70, 65, 255])
Tree((610, 573); 15; 20; [45, 112, 3, 255]; [112, 52, 3, 255]; 1)
House((636, 530); 10; 10; [200, 112, 70, 255]; [112, 70, 40, 255]; [80, 70, 65, 255])
Tree((629, 455); 15; 20; [45, 112, 3, 255]; [112, 52, 3, 255]; 1)
House((674, 467); 10; 10; [200, 112, 70, 255]; [112, 70, 40, 255]; [80, 70, 65, 255])
Tree((658, 579); 15; 20; [45, 112, 3, 255]; [112, 52, 3, 255]; 1)
House((616, 488); 10; 10; [200, 112, 70, 255]; [112, 70, 40, 255]; [80, 70, 65, 255])
Tree((623, 474); 15; 20; [45, 112, 3, 255]; [112, 52, 3, 255]; 1)
Tree((658, 530); 15; 20; [45, 112, 3, 255]; [112, 52, 3, 255]; 1)
Mountain((710, 599); 30; 40; [112, 112, 112, 255]; False; [255, 255, 255, 255])
Tree((640, 441); 15; 20; [45, 112, 3, 255]; [112, 52, 3, 255]; 1)
House((614, 448); 10; 10; [200, 112, 70, 255]; [112, 70, 40, 255]; [80, 70, 65, 255])
House((631, 557); 10; 10; [200, 112, 70, 255]; [112, 70, 40, 255]; [80, 70, 65, 255])
Tree((656, 471); 15; 20; [45, 112, 3, 255]; [112, 52, 3, 255]; 1)
Tree((641, 502); 15; 20; [45, 112, 3, 255]; [112, 52, 3, 255]; 1)
House((658, 451); 10; 10; [200, 112, 70, 255]; [112, 70, 40, 255]; [80, 70, 65, 255])
House((646, 535); 10; 10; [200, 112, 70, 255]; [112, 70, 40, 255]; [80, 70, 65, 255])
Tree((690, 493); 15; 20; [45, 112, 3, 255]; [112, 52, 3, 255]; 1)
House((666, 485); 10; 10; [200, 112, 70, 255]; [112, 70, 40, 255]; [80, 70, 65, 255])
Tree((608, 512); 15; 20; [45, 112, 3, 255]; [112, 52, 3, 255]; 1)
Tree((741, 729); 15; 20; [45, 112, 3, 255]; [112, 52, 3, 255]; 1)
Mountain((754, 617); 30; 40; [112, 112, 112, 255]; False; [255, 255, 255, 255])
Tree((739, 684); 15; 20; [45, 112, 3, 255]; [112, 52, 3, 255]; 1)
Hill((621, 703); 5; [15, 112, 26, 255])
Tree((783, 675); 15; 20; [45, 112, 3, 255]; [112, 52, 3, 255]; 1)
Hill((656, 703); 5; [15, 112, 26, 255])
Mountain((796, 744); 30; 40; [112, 112, 112, 255]; False; [255, 255, 255, 255])
Tree((769, 688); 15; 20; [45, 112, 3, 255]; [112, 52, 3, 255]; 1)
Tree((776, 780); 15; 20; [45, 112, 3, 255]; [112, 52, 3, 255]; 1)
Hill((639, 654); 5; [15, 112, 26, 255])
Tree((712, 797); 15; 20; [45, 112, 3, 255]; [112, 52, 3, 255]; 1)
Hill((652, 644); 5; [15, 112, 26, 255])
Hill((645, 671); 5; [15, 112, 26, 255])
Hill((609, 725); 5; [15, 112, 26, 255])
Hill((627, 734); 5; [15, 112, 26, 255])
Hill((661, 773); 5; [15, 112, 26, 255])
Tree((759, 754); 15; 20; [45, 112, 3, 255]; [112, 52, 3, 255]; 1)
House((617, 604); 10; 10; [200, 112, 70, 255]; [112, 70, 40, 255]; [80, 70, 65, 255])
Hill((670, 712); 5; [15, 112, 26, 255])
Hill((625, 692); 5; [15, 112, 26, 255])
Hill((663, 717); 5; [15, 112, 26, 255])
Tree((724, 692); 15; 20; [45, 112, 3, 255]; [112, 52, 3, 255]; 1)
Tree((692, 724); 15; 20; [45, 112, 3, 255]; [112, 52, 3, 255]; 1)
Hill((620, 759); 5; [15, 112, 26, 255])
Tree((686, 690); 15; 20; [45, 112, 3, 255]; [112, 52, 3, 255]; 1)
Hill((637, 793); 5; [15, 112, 26, 255])
Hill((665, 747); 5; [15, 112, 26, 255])
Hill((642, 765); 5; [15, 112, 26, 255])
Mountain((703, 658); 30; 40; [112, 112, 112, 255]; False; [255, 255, 255, 255])
Tree((727, 713); 15; 20; [45, 112, 3, 255]; [112, 52, 3, 255]; 1)
Tree((731, 648); 15; 20; [45, 112, 3, 255]; [112, 52, 3, 255]; 1)
Hill((612, 709); 5; [15, 112, 26, 255])
Tree((685, 637); 15; 20; [45, 112, 3, 255]; [112, 52, 3, 255]; 1)
Hill((610, 769); 5; [15, 112, 26, 255])
Hill((674, 795); 5; [15, 112, 26, 255])
Hill((623, 762); 5; [15, 112, 26, 255])
Tree((693, 751); 15; 20; [45, 112, 3, 255]; [112, 52, 3, 255]; 1)
Hill((679, 721); 5; [15, 112, 26, 255])
Hill((672, 761); 5; [15, 112, 26, 255])
Hill((647, 768); 5; [15, 112, 26, 255])
Tree((764, 712); 15; 20; [45, 112, 3, 255]; [112, 52, 3, 255]; 1)
Hill((626, 730); 5; [15, 112, 26, 255])
Hill((605, 747); 5; [15, 112, 26, 255])
Hill((648, 635); 5; [15, 112, 26, 255])
Hill((675, 755); 5; [15, 112, 26, 255])
Tree((670, 624); 15; 20; [45, 112, 3, 255]; [112, 52, 3, 255]; 1)
Hill((650, 640); 5; [15, 112, 26, 255])
Hill((623, 643); 5; [15, 112, 26, 255])
Hill((661, 792); 5; [15, 112, 26, 255])
Hill((644, 758); 5; [15, 112, 26, 255])
Tree((757, 786); 15; 20; [45, 112, 3, 255]; [112, 52, 3, 255]; 1)
Hill((645, 788); 5; [15, 112, 26, 255])
Tree((612, 622); 15; 20; [45, 112, 3, 255]; [112, 52, 3, 255]; 1)
House((636, 602); 10; 10; [200, 112, 70, 255]; [112, 70, 40, 255]; [80, 70, 65, 255])
Tree((807, 665); 15; 20; [45, 112, 3, 255]; [112, 52, 3, 255]; 1)
Hill((676, 740); 5; [15, 112, 26, 255])
Tree((725, 672); 15; 20; [45, 112, 3, 255]; [112, 52, 3, 255]; 1)
Hill((680, 712); 5; [15, 112, 26, 255])
Tree((768, 667); 15; 20; [45, 112, 3, 255]; [112, 52, 3, 255]; 1)
Hill((647, 833); 5; [15, 112, 26, 255])
Hill((697, 866); 5; [15, 112, 26, 255])
Hill((649, 858); 5; [15, 112, 26, 255])
Hill((649, 801); 5; [15, 112, 26, 255])
Mountain((792, 862); 30; 40; [112, 112, 112, 255]; False; [255, 255, 255, 255])
Hill((626, 809); 5; [15, 112, 26, 255])
Hill((638, 842); 5; [15, 112, 26, 255])
Hill((662, 901); 5; [15, 112, 26, 255])
Hill((688, 801); 5; [15, 112, 26, 255])
Hill((664, 866); 5; [15, 112, 26, 255])
Hill((639, 908); 5; [15, 112, 26, 255])
Tree((804, 808); 15; 20; [45, 112, 3, 255]; [112, 52, 3, 255]; 1)
Hill((663, 922); 5; [15, 112, 26, 255])
Hill((640, 815); 5; [15, 112, 26, 255])
Hill((669, 907); 5; [15, 112, 26, 255])
Hill((680, 862); 5; [15, 112, 26, 255])
Tree((773, 812); 15; 20; [45, 112, 3, 255]; [112, 52, 3, 255]; 1)
Hill((686, 834); 5; [15, 112, 26, 255])
Hill((685, 849); 5; [15, 112, 26, 255])
Hill((637, 896); 5; [15, 112, 26, 255])
Mountain((758, 863); 30; 40; [112, 112, 112, 255]; False; [255, 255, 255, 255])
Mountain((742, 901); 30; 40; [112, 112, 112, 255]; False; [255, 255, 255, 255])
Tree((723, 809); 15; 20; [45, 112, 3, 255]; [112, 52, 3, 255]; 1)
Hill((662, 876); 5; [15, 112, 26, 255])
Tree((727, 880); 15; 20; [45, 112, 3, 255]; [112, 52, 3, 255]; 1)
Hill((647, 818); 5; [15, 112, 26, 255])
Hill((669, 812); 5; [15, 112, 26, 255])
Tree((778, 907); 15; 20; [45, 112, 3, 255]; [112, 52, 3, 255]; 1)
Hill((660, 888); 5; [15, 112, 26, 255])
Hill((658, 819); 5; [15, 112, 26, 255])
Tree((711, 826); 15; 20; [45, 112, 3, 255]; [112, 52, 3, 255]; 1)
Hill((626, 907); 5; [15, 112, 26, 255])
Tree((739, 825); 15; 20; [45, 112, 3, 255]; [112, 52, 3, 255]; 1)
Hill((643, 830); 5; [15, 112, 26, 255])
Tree((748, 805); 15; 20; [45, 112, 3, 255]; [112, 52, 3, 255]; 1)
Hill((713, 904); 5; [15, 112, 26, 255])
Tree((729, 850); 15; 20; [45, 112, 3, 255]; [112, 52, 3, 255]; 1)
Hill((677, 917); 5; [15, 112, 26, 255])
Hill((632, 864); 5; [15, 112, 26, 255])
Hill((647, 822); 5; [15, 112, 26, 255])
Tree((789, 807); 15; 20; [45, 112, 3, 255]; [112, 52, 3, 255]; 1)
Hill((696, 812); 5; [15, 112, 26, 255])
Mountain((948, 137); 30; 40; [112, 112, 112, 255]; True; [255, 255, 255, 255])
Tree((934, 21); 10; 20; [30, 85, 25, 255]; [95, 60, 0, 255]; 2)
Mountain((997, 2); 30; 40; [112, 112, 112, 255]; True; [255, 255, 255, 255])
Mountain((962, 63); 30; 40; [112, 112, 112, 255]; True; [255, 255, 255, 255])
Tree((969, 17); 10; 20; [30, 85, 25, 255]; [95, 60, 0, 255]; 2)
Tree((951, 36); 10; 20; [30, 85, 25, 255]; [95, 60, 0, 255]; 2)
Mountain((974, 153); 30; 40; [112, 112, 112, 255]; True; [255, 255, 255, 255])
Tree((956, 17); 10; 20; [30, 85, 25, 255]; [95, 60, 0, 255]; 2)
Tree((934, 69); 10; 20; [30, 85, 25, 255]; [95, 60, 0, 255]; 2)
Mountain((918, 10); 30; 40; [112, 112, 112, 255]; True; [255, 255, 255, 255])
Tree((955, 180); 10; 20; [30, 85, 25, 255]; [95, 60, 0, 255]; 2)
Mountain((1003, 105); 30; 40; [112, 112, 112, 255]; True; [255, 255, 255, 255])
Tree((986, 186); 10; 20; [30, 85, 25, 255]; [95, 60, 0, 255]; 2)
Tree((958, 114); 10; 20; [30, 85, 25, 255]; [95, 60, 0, 255]; 2)
Tree((963, 32); 10; 20; [30, 85, 25, 255]; [95, 60, 0, 255]; 2)
Hill((995, 269); 5; [15, 112, 26, 255])
Hill((979, 273); 5; [15, 112, 26, 255])
Hill((983, 253); 5; [15, 112, 26, 255])
Hill((991, 309); 5; [15, 112, 26, 255])
Hill((980, 223); 5; [15, 112, 26, 255])
Hill((995, 304); 5; [15, 112, 26, 255])
Hill((958, 257); 5; [15, 112, 26, 255])
Hill((970, 226); 5; [15, 112, 26, 255])
Hill((994, 219); 5; [15, 112, 26, 255])
Hill((963, 270); 5; [15, 112, 26, 255])
Hill((995, 288); 5; [15, 112, 26, 255])
Tree((961, 211); 10; 20; [30, 85, 25, 255]; [95, 60, 0, 255]; 2)
Hill((970, 218); 5; [15, 112, 26, 255])
Hill((971, 258); 5; [15, 112, 26, 255])
Hill((987, 314); 5; [15, 112, 26, 255])
Tree((811, 690); 15; 20; [45, 112, 3, 255]; [112, 52, 3, 255]; 1)
Tree((812, 778); 15; 20; [45, 112, 3, 255]; [112, 52, 3, 255]; 1)
Tree((825, 677); 15; 20; [45, 112, 3, 255]; [112, 52, 3, 255]; 1)
Mountain((1097, 166); 30; 40; [112, 112, 112, 255]; True; [255, 255, 255, 255])
Tree((1019, 59); 10; 20; [30, 85, 25, 255]; [95, 60, 0, 255]; 2)
Mountain((1160, 136); 30; 40; [112, 112, 112, 255]; True; [255, 255, 255, 255])
Tree((1066, 76); 10; 20; [30, 85, 25, 255]; [95, 60, 0, 255]; 2)
Tree((1065, 121); 10; 20; [30, 85, 25, 255]; [95, 60, 0, 255]; 2)
Tree((1089, 103); 10; 20; [30, 85, 25, 255]; [95, 60, 0, 255]; 2)
Tree((1018, 196); 10; 20; [30, 85, 25, 255]; [95, 60, 0, 255]; 2)
Tree((1186, 13); 10; 20; [30, 85, 25, 255]; [95, 60, 0, 255]; 2)
Tree((1179, 155); 10; 20; [30, 85, 25, 255]; [95, 60, 0, 255]; 2)
Mountain((1108, 91); 30; 40; [112, 112, 112, 255]; True; [255, 255, 255, 255])
Tree((1125, 76); 10; 20; [30, 85, 25, 255]; [95, 60, 0, 255]; 2)
Tree((1046, 170); 10; 20; [30, 85, 25, 255]; [95, 60, 0, 255]; 2)
Tree((1033, 194); 10; 20; [30, 85, 25, 255]; [95, 60, 0, 255]; 2)
Tree((1117, 161); 10; 20; [30, 85, 25, 255]; [95, 60, 0, 255]; 2)
Tree((1180, 94); 10; 20; [30, 85, 25, 255]; [95, 60, 0, 255]; 2)
Mountain((1201, 124); 30; 40; [112, 112, 112, 255]; True; [255, 255, 255, 255])
Tree((1148, 76); 10; 20; [30, 85, 25, 255]; [95, 60, 0, 255]; 2)
Mountain((1042, 46); 30; 40; [112, 112, 112, 255]; True; [255, 255, 255, 255])
Tree((1054, 76); 10; 20; [30, 85, 25, 255]; [95, 60, 0, 255]; 2)
Tree((1200, 11); 10; 20; [30, 85, 25, 255]; [95, 60, 0, 255]; 2)
Tree((1170, 48); 10; 20; [30, 85, 25, 255]; [95, 60, 0, 255]; 2)
Tree((1144, 161); 10; 20; [30, 85, 25, 255]; [95, 60, 0, 255]; 2)
Tree((1007, 144); 10; 20; [30, 85, 25, 255]; [95, 60, 0, 255]; 2)
Tree((1106, 60); 10; 20; [30, 85, 25, 255]; [95, 60, 0, 255]; 2)
Tree((1039, 152); 10; 20; [30, 85, 25, 255]; [95, 60, 0, 255]; 2)
Tree((1044, 132); 10; 20; [30, 85, 25, 255]; [95, 60, 0, 255]; 2)
Mountain((1199, 194); 30; 40; [112, 112, 112, 255]; True; [255, 255, 255, 255])
Mountain((1160, 21); 30; 40; [112, 112, 112, 255]; True; [255, 255, 255, 255])
Tree((1120, 124); 10; 20; [30, 85, 25, 255]; [95, 60, 0, 255]; 2)
Tree((1118, 12); 10; 20; [30, 85, 25, 255]; [95, 60, 0, 255]; 2)
Tree((1191, 101); 10; 20; [30, 85, 25, 255]; [95, 60, 0, 255]; 2)
Tree((1047, 20); 10; 20; [30, 85, 25, 255]; [95, 60, 0, 255]; 2)
Tree((1063, 51); 10; 20; [30, 85, 25, 255]; [95, 60, 0, 255]; 2)
Hill((1012, 335); 5; [15, 112, 26, 255])
Hill((1090, 300); 5; [15, 112, 26, 255])
Hill((1144, 293); 5; [15, 112, 26, 255])
Mountain((1200, 266); 30; 40; [112, 112, 112, 255]; True; [255, 255, 255, 255])
Tree((1192, 237); 10; 20; [30, 85, 25, 255]; [95, 60, 0, 255]; 2)
Hill((1011, 227); 5; [15, 112, 26, 255])
Hill((1009, 358); 5; [15, 112, 26, 255])
Tree((1157, 292); 10; 20; [30, 85, 25, 255]; [95, 60, 0, 255]; 2)
Tree((1164, 279); 10; 20; [30, 85, 25, 255]; [95, 60, 0, 255]; 2)
Hill((1043, 317); 5; [15, 112, 26, 255])
Hill((1107, 319); 5; [15, 112, 26, 255])
Hill((1143, 390); 5; [15, 112, 26, 255])
Hill((1018, 383); 5; [15, 112, 26, 255])
Hill((1130, 255); 5; [15, 112, 26, 255])
Mountain((1070, 204); 30; 40; [112, 112, 112, 255]; True; [255, 255, 255, 255])
Hill((1022, 303); 5; [15, 112, 26, 255])
Mountain((1156, 319); 30; 40; [112, 112, 112, 255]; True; [255, 255, 255, 255])
Hill((1033, 374); 5; [15, 112, 26, 255])
Hill((1082, 328); 5; [15, 112, 26, 255])
Hill((1150, 254); 5; [15, 112, 26, 255])
Hill((1141, 260); 5; [15, 112, 26, 255])
Mountain((1177, 220); 30; 40; [112, 112, 112, 255]; True; [255, 255, 255, 255])
Hill((1123, 272); 5; [15, 112, 26, 255])
Hill((1137, 285); 5; [15, 112, 26, 255])
Hill((1061, 386); 5; [15, 112, 26, 255])
Hill((1042, 306); 5; [15, 112, 26, 255])
Hill((1007, 350); 5; [15, 112, 26, 255])
Hill((1036, 236); 5; [15, 112, 26, 255])
Hill((1147, 310); 5; [15, 112, 26, 255])
Hill((1079, 265); 5; [15, 112, 26, 255])
Hill((1034, 255); 5; [15, 112, 26, 255])
Hill((1039, 275); 5; [15, 112, 26, 255])
Hill((1045, 230); 5; [15, 112, 26, 255])
Hill((1070, 363); 5; [15, 112, 26, 255])
Hill((1040, 281); 5; [15, 112, 26, 255])
Hill((1067, 322); 5; [15, 112, 26, 255])
Hill((1094, 337); 5; [15, 112, 26, 255])
Hill((1006, 331); 5; [15, 112, 26, 255])
Hill((1141, 355); 5; [15, 112, 26, 255])
Hill((1123, 218); 5; [15, 112, 26, 255])
Hill((1038, 358); 5; [15, 112, 26, 255])
Tree((1199, 317); 10; 20; [30, 85, 25, 255]; [95, 60, 0, 255]; 2)
Tree((1168, 363); 10; 20; [30, 85, 25, 255]; [95, 60, 0, 255]; 2)
Hill((1008, 271); 5; [15, 112, 26, 255])
Hill((1115, 263); 5; [15, 112, 26, 255])
Hill((1018, 270); 5; [15, 112, 26, 255])
Hill((1021, 222); 5; [15, 112, 26, 255])
Hill((1018, 265); 5; [15, 112, 26, 255])
Hill((1034, 392); 5; [15, 112, 26, 255])
Hill((1102, 373); 5; [15, 112, 26, 255])
Hill((1142, 264); 5; [15, 112, 26, 255])
Hill((1054, 360); 5; [15, 112, 26, 255])
Hill((1046, 215); 5; [15, 112, 26, 255])
Tree((1119, 201); 10; 20; [30, 85, 25, 255]; [95, 60, 0, 255]; 2)
Hill((1122, 242); 5; [15, 112, 26, 255])
Hill((1117, 291); 5; [15, 112, 26, 255])
Hill((1007, 326); 5; [15, 112, 26, 255])
Hill((1099, 256); 5; [15, 112, 26, 255])
Hill((1096, 352); 5; [15, 112, 26, 255])
Hill((1041, 323); 5; [15, 112, 26, 255])
Hill((1135, 241); 5; [15, 112, 26, 255])
Hill((1114, 229); 5; [15, 112, 26, 255])
Hill((1022, 282); 5; [15, 112, 26, 255])
Hill((1086, 220); 5; [15, 112, 26, 255])
Hill((1060, 255); 5; [15, 112, 26, 255])
Tree((1189, 333); 10; 20; [30, 85, 25, 255]; [95, 60, 0, 255]; 2)
Hill((1068, 256); 5; [15, 112, 26, 255])
Hill((1120, 323); 5; [15, 112, 26, 255])
Hill((1030, 313); 5; [15, 112, 26, 255])
Hill((1024, 362); 5; [15, 112, 26, 255])
Hill((1071, 374); 5; [15, 112, 26, 255])
Hill((1031, 244); 5; [15, 112, 26, 255])
Hill((1008, 308); 5; [15, 112, 26, 255])
Hill((1112, 237); 5; [15, 112, 26, 255])
Hill((1102, 298); 5; [15, 112, 26, 255])
Hill((1115, 251); 5; [15, 112, 26, 255])
Tree((1150, 369); 10; 20; [30, 85, 25, 255]; [95, 60, 0, 255]; 2)
Hill((1040, 347); 5; [15, 112, 26, 255])
Tree((1181, 352); 10; 20; [30, 85, 25, 255]; [95, 60, 0, 255]; 2)
Hill((1045, 289); 5; [15, 112, 26, 255])
Hill((1080, 270); 5; [15, 112, 26, 255])
Hill((1122, 313); 5; [15, 112, 26, 255])
Tree((1011, 215); 10; 20; [30, 85, 25, 255]; [95, 60, 0, 255]; 2)
Hill((1043, 374); 5; [15, 112, 26, 255])
Hill((1112, 312); 5; [15, 112, 26, 255])
Hill((1063, 289); 5; [15, 112, 26, 255])
Hill((1077, 351); 5; [15, 112, 26, 255])
Hill((1028, 322); 5; [15, 112, 26, 255])
Hill((1047, 299); 5; [15, 112, 26, 255])
Hill((1088, 386); 5; [15, 112, 26, 255])
Hill((1028, 344); 5; [15, 112, 26, 255])
Hill((1097, 238); 5; [15, 112, 26, 255])
Hill((1119, 354); 5; [15, 112, 26, 255])
Hill((1084, 276); 5; [15, 112, 26, 255])
Hill((1127, 439); 5; [15, 112, 26, 255])
Hill((1096, 466); 5; [15, 112, 26, 255])
Hill((1085, 448); 5; [15, 112, 26, 255])
Tree((1164, 408); 10; 20; [30, 85, 25, 255]; [95, 60, 0, 255]; 2)
Tree((1169, 463); 10; 20; [30, 85, 25, 255]; [95, 60, 0, 255]; 2)
Tree((1159, 486); 10; 20; [30, 85, 25, 255]; [95, 60, 0, 255]; 2)
Mountain((1188, 469); 30; 40; [112, 112, 112, 255]; True; [255, 255, 255, 255])
Tree((1152, 421); 10; 20; [30, 85, 25, 255]; [95, 60, 0, 255]; 2)
Tree((1174, 405); 10; 20; [30, 85, 25, 255]; [95, 60, 0, 255]; 2)
Hill((1130, 418); 5; [15, 112, 26, 255])
Hill((1128, 454); 5; [15, 112, 26, 255])
Hill((1145, 470); 5; [15, 112, 26, 255])
Hill((1124, 469); 5; [15, 112, 26, 255])
Hill((1136, 436); 5; [15, 112, 26, 255])
Hill((1111, 457); 5; [15, 112, 26, 255])
Hill((1108, 419); 5; [15, 112, 26, 255])
Hill((1062, 446); 5; [15, 112, 26, 255])
Hill((1064, 435); 5; [15, 112, 26, 255])
Hill((1107, 437); 5; [15, 112, 26, 255])
Hill((1119, 420); 5; [15, 112, 26, 255])
Hill((1071, 438); 5; [15, 112, 26, 255])
Hill((1117, 480); 5; [15, 112, 26, 255])
Hill((1077, 456); 5; [15, 112, 26, 255])
Hill((1091, 406); 5; [15, 112, 26, 255])
Tree((1198, 425); 10; 20; [30, 85, 25, 255]; [95, 60, 0, 255]; 2)
Hill((1135, 489); 5; [15, 112, 26, 255])
Hill((1143, 440); 5; [15, 112, 26, 255])
Hill((1121, 434); 5; [15, 112, 26, 255])
Mountain((1188, 518); 30; 40; [112, 112, 112, 255]; True; [255, 255, 255, 255])
Hill((1115, 460); 5; [15, 112, 26, 255])
House((1189, 920); 10; 10; [200, 112, 70, 255]; [112, 70, 40, 255]; [80, 70, 65, 255])
House((1186, 905); 10; 10; [200, 112, 70, 255]; [112, 70, 40, 255]; [80, 70, 65, 255])
House((1169, 920); 10; 10; [200, 112, 70, 255]; [112, 70, 40, 255]; [80, 70, 65, 255])
House((1177, 904); 10; 10; [200, 112, 70, 255]; [112, 70, 40, 255]; [80, 70, 65, 255])
Tree((1216, 169); 10; 20; [30, 85, 25, 255]; [95, 60, 0, 255]; 2)
Tree((1281, 194); 10; 20; [30, 85, 25, 255]; [95, 60, 0, 255]; 2)
Tree((1210, 72); 10; 20; [30, 85, 25, 255]; [95, 60, 0, 255]; 2)
Tree((1267, 110); 10; 20; [30, 85, 25, 255]; [95, 60, 0, 255]; 2)
Tree((1236, 73); 10; 20; [30, 85, 25, 255]; [95, 60, 0, 255]; 2)
Mountain((1307, 75); 30; 40; [112, 112, 112, 255]; True; [255, 255, 255, 255])
Mountain((1261, 182); 30; 40; [112, 112, 112, 255]; True; [255, 255, 255, 255])
Tree((1255, 20); 10; 20; [30, 85, 25, 255]; [95, 60, 0, 255]; 2)
Tree((1254, 78); 10; 20; [30, 85, 25, 255]; [95, 60, 0, 255]; 2)
Mountain((1301, 9); 30; 40; [112, 112, 112, 255]; True; [255, 255, 255, 255])
Mountain((1336, 19); 30; 40; [112, 112, 112, 255]; True; [255, 255, 255, 255])
Tree((1241, 102); 10; 20; [30, 85, 25, 255]; [95, 60, 0, 255]; 2)
Tree((1254, 127); 10; 20; [30, 85, 25, 255]; [95, 60, 0, 255]; 2)
Tree((1241, 184); 10; 20; [30, 85, 25, 255]; [95, 60, 0, 255]; 2)
Mountain((1229, 26); 30; 40; [112, 112, 112, 255]; True; [255, 255, 255, 255])
Tree((1272, 35); 10; 20; [30, 85, 25, 255]; [95, 60, 0, 255]; 2)
Mountain((1274, 134); 30; 40; [112, 112, 112, 255]; True; [255, 255, 255, 255])
Tree((1245, 150); 10; 20; [30, 85, 25, 255]; [95, 60, 0, 255]; 2)
Tree((1267, 310); 10; 20; [30, 85, 25, 255]; [95, 60, 0, 255]; 2)
Tree((1236, 369); 10; 20; [30, 85, 25, 255]; [95, 60, 0, 255]; 2)
Mountain((1274, 260); 30; 40; [112, 112, 112, 255]; True; [255, 255, 255, 255])
Tree((1255, 220); 10; 20; [30, 85, 25, 255]; [95, 60, 0, 255]; 2)
Tree((1273, 331); 10; 20; [30, 85, 25, 255]; [95, 60, 0, 255]; 2)
Mountain((1231, 250); 30; 40; [112, 112, 112, 255]; True; [255, 255, 255, 255])
Mountain((1339, 391); 30; 40; [112, 112, 112, 255]; True; [255, 255, 255, 255])
Tree((1208, 326); 10; 20; [30, 85, 25, 255]; [95, 60, 0, 255]; 2)
Mountain((1287, 363); 30; 40; [112, 112, 112, 255]; True; [255, 255, 255, 255])
Tree((1263, 235); 10; 20; [30, 85, 25, 255]; [95, 60, 0, 255]; 2)
Tree((1215, 217); 10; 20; [30, 85, 25, 255]; [95, 60, 0, 255]; 2)
Tree((1293, 288); 10; 20; [30, 85, 25, 255]; [95, 60, 0, 255]; 2)
Tree((1258, 303); 10; 20; [30, 85, 25, 255]; [95, 60, 0, 255]; 2)
Tree((1254, 392); 10; 20; [30, 85, 25, 255]; [95, 60, 0, 255]; 2)
Tree((1227, 292); 10; 20; [30, 85, 25, 255]; [95, 60, 0, 255]; 2)
Mountain((1247, 332); 30; 40; [112, 112, 112, 255]; True; [255, 255, 255, 255])
Tree((1223, 365); 10; 20; [30, 85, 25, 255]; [95, 60, 0, 255]; 2)
Tree((1223, 226); 10; 20; [30, 85, 25, 255]; [95, 60, 0, 255]; 2)
Tree((1231, 214); 10; 20; [30, 85, 25, 255]; [95, 60, 0, 255]; 2)
Mountain((1317, 458); 30; 40; [112, 112, 112, 255]; True; [255, 255, 255, 255])
Tree((1291, 592); 10; 20; [30, 85, 25, 255]; [95, 60, 0, 255]; 2)
Tree((1242, 479); 10; 20; [30, 85, 25, 255]; [95, 60, 0, 255]; 2)
Tree((1349, 457); 10; 20; [30, 85, 25, 255]; [95, 60, 0, 255]; 2)
Tree((1265, 437); 10; 20; [30, 85, 25, 255]; [95, 60, 0, 255]; 2)
Tree((1298, 464); 10; 20; [30, 85, 25, 255]; [95, 60, 0, 255]; 2)
Mountain((1382, 417); 30; 40; [112, 112, 112, 255]; True; [255, 255, 255, 255])
Mountain((1412, 425); 30; 40; [112, 112, 112, 255]; True; [255, 255, 255, 255])
Tree((1319, 502); 10; 20; [30, 85, 25, 255]; [95, 60, 0, 255]; 2)
Tree((1362, 403); 10; 20; [30, 85, 25, 255]; [95, 60, 0, 255]; 2)
Tree((1219, 482); 10; 20; [30, 85, 25, 255]; [95, 60, 0, 255]; 2)
Tree((1376, 460); 10; 20; [30, 85, 25, 255]; [95, 60, 0, 255]; 2)
Mountain((1224, 418); 30; 40; [112, 112, 112, 255]; True; [255, 255, 255, 255])
Mountain((1261, 577); 30; 40; [112, 112, 112, 255]; True; [255, 255, 255, 255])
Tree((1305, 447); 10; 20; [30, 85, 25, 255]; [95, 60, 0, 255]; 2)
Mountain((1290, 419); 30; 40; [112, 112, 112, 255]; True; [255, 255, 255, 255])
Tree((1397, 474); 10; 20; [30, 85, 25, 255]; [95, 60, 0, 255]; 2)
Tree((1310, 576); 10; 20; [30, 85, 25, 255]; [95, 60, 0, 255]; 2)
Tree((1258, 486); 10; 20; [30, 85, 25, 255]; [95, 60, 0, 255]; 2)
Tree((1207, 552); 10; 20; [30, 85, 25, 255]; [95, 60, 0, 255]; 2)
Mountain((1241, 504); 30; 40; [112, 112, 112, 255]; True; [255, 255, 255, 255])
Tree((1366, 459); 10; 20; [30, 85, 25, 255]; [95, 60, 0, 255]; 2)
Tree((1271, 505); 10; 20; [30, 85, 25, 255]; [95, 60, 0, 255]; 2)
Tree((1276, 555); 10; 20; [30, 85, 25, 255]; [95, 60, 0, 255]; 2)
Tree((1232, 457); 10; 20; [30, 85, 25, 255]; [95, 60, 0, 255]; 2)
Mountain((1303, 538); 30; 40; [112, 112, 112, 255]; True; [255, 255, 255, 255])
Tree((1350, 505); 10; 20; [30, 85, 25, 255]; [95, 60, 0, 255]; 2)
Mountain((1350, 537); 30; 40; [112, 112, 112, 255]; True; [255, 255, 255, 255])
Mountain((1281, 510); 30; 40; [112, 112, 112, 255]; True; [255, 255, 255, 255])
Mountain((1230, 570); 30; 40; [112, 112, 112, 255]; True; [255, 255, 255, 255])
Mountain((1377, 488); 30; 40; [112, 112, 112, 255]; True; [255, 255, 255, 255])
Tree((1247, 447); 10; 20; [30, 85, 25, 255]; [95, 60, 0, 255]; 2)
Tree((1258, 528); 10; 20; [30, 85, 25, 255]; [95, 60, 0, 255]; 2)
Tree((1334, 497); 10; 20; [30, 85, 25, 255]; [95, 60, 0, 255]; 2)
Tree((1220, 516); 10; 20; [30, 85, 25, 255]; [95, 60, 0, 255]; 2)
Tree((1321, 403); 10; 20; [30, 85, 25, 255]; [95, 60, 0, 255]; 2)
Tree((1228, 478); 10; 20; [30, 85, 25, 255]; [95, 60, 0, 255]; 2)
Tree((1212, 408); 10; 20; [30, 85, 25, 255]; [95, 60, 0, 255]; 2)
Tree((1288, 480); 10; 20; [30, 85, 25, 255]; [95, 60, 0, 255]; 2)
Tree((1237, 548); 10; 20; [30, 85, 25, 255]; [95, 60, 0, 255]; 2)
Hill((1349, 652); 5; [15, 112, 26, 255])
Hill((1347, 648); 5; [15, 112, 26, 255])
Hill((1384, 644); 5; [15, 112, 26, 255])
Hill((1313, 614); 5; [15, 112, 26, 255])
Hill((1394, 621); 5; [15, 112, 26, 255])
Hill((1391, 635); 5; [15, 112, 26, 255])
Tree((1357, 783); 10; 20; [30, 85, 25, 255]; [95, 60, 0, 255]; 2)
Tree((1390, 755); 10; 20; [30, 85, 25, 255]; [95, 60, 0, 255]; 2)
Hill((1388, 658); 5; [15, 112, 26, 255])
Hill((1376, 682); 5; [15, 112, 26, 255])
Hill((1394, 651); 5; [15, 112, 26, 255])
House((1299, 800); 10; 10; [200, 112, 70, 255]; [112, 70, 40, 255]; [80, 70, 65, 255])
Hill((1286, 615); 5; [15, 112, 26, 255])
Hill((1368, 634); 5; [15, 112, 26, 255])
Hill((1368, 643); 5; [15, 112, 26, 255])
Hill((1328, 636); 5; [15, 112, 26, 255])
Hill((1348, 661); 5; [15, 112, 26, 255])
House((1325, 795); 10; 10; [200, 112, 70, 255]; [112, 70, 40, 255]; [80, 70, 65, 255])
Hill((1313, 629); 5; [15, 112, 26, 255])
Hill((1374, 628); 5; [15, 112, 26, 255])
Hill((1383, 688); 5; [15, 112, 26, 255])
Hill((1348, 620); 5; [15, 112, 26, 255])
Hill((1350, 664); 5; [15, 112, 26, 255])
Hill((1350, 640); 5; [15, 112, 26, 255])
Tree((1379, 790); 10; 20; [30, 85, 25, 255]; [95, 60, 0, 255]; 2)
Hill((1378, 617); 5; [15, 112, 26, 255])
House((1344, 768); 10; 10; [200, 112, 70, 255]; [112, 70, 40, 255]; [80, 70, 65, 255])
Tree((1393, 733); 10; 20; [30, 85, 25, 255]; [95, 60, 0, 255]; 2)
Tree((1312, 788); 10; 20; [30, 85, 25, 255]; [95, 60, 0, 255]; 2)
Hill((1355, 643); 5; [15, 112, 26, 255])
Tree((1401, 766); 10; 20; [30, 85, 25, 255]; [95, 60, 0, 255]; 2)
Hill((1402, 668); 5; [15, 112, 26, 255])
Hill((1362, 659); 5; [15, 112, 26, 255])
Hill((1394, 646); 5; [15, 112, 26, 255])
Hill((1400, 695); 5; [15, 112, 26, 255])
House((1348, 791); 10; 10; [200, 112, 70, 255]; [112, 70, 40, 255]; [80, 70, 65, 255])
Hill((1324, 624); 5; [15, 112, 26, 255])
Hill((1373, 660); 5; [15, 112, 26, 255])
Hill((1398, 692); 5; [15, 112, 26, 255])
Hill((1326, 618); 5; [15, 112, 26, 255])
Hill((1365, 612); 5; [15, 112, 26, 255])
Hill((1377, 672); 5; [15, 112, 26, 255])
Hill((1403, 674); 5; [15, 112, 26, 255])
Hill((1304, 615); 5; [15, 112, 26, 255])
Hill((1395, 660); 5; [15, 112, 26, 255])
Hill((1342, 636); 5; [15, 112, 26, 255])
Hill((1385, 618); 5; [15, 112, 26, 255])
Hill((1345, 645); 5; [15, 112, 26, 255])
Hill((1353, 624); 5; [15, 112, 26, 255])
Hill((1317, 633); 5; [15, 112, 26, 255])
House((1213, 891); 10; 10; [200, 112, 70, 255]; [112, 70, 40, 255]; [80, 70, 65, 255])
Tree((1349, 832); 10; 20; [30, 85, 25, 255]; [95, 60, 0, 255]; 2)
House((1327, 913); 10; 10; [200, 112, 70, 255]; [112, 70, 40, 255]; [80, 70, 65, 255])
Tree((1385, 825); 10; 20; [30, 85, 25, 255]; [95, 60, 0, 255]; 2)
House((1373, 806); 10; 10; [200, 112, 70, 255]; [112, 70, 40, 255]; [80, 70, 65, 255])
House((1278, 878); 10; 10; [200, 112, 70, 255]; [112, 70, 40, 255]; [80, 70, 65, 255])
House((1389, 845); 10; 10; [200, 112, 70, 255]; [112, 70, 40, 255]; [80, 70, 65, 255])
House((1327, 829); 10; 10; [200, 112, 70, 255]; [112, 70, 40, 255]; [80, 70, 65, 255])
Tree((1395, 800); 10; 20; [30, 85, 25, 255]; [95, 60, 0, 255]; 2)
Tree((1388, 854); 10; 20; [30, 85, 25, 255]; [95, 60, 0, 255]; 2)
House((1327, 813); 10; 10; [200, 112, 70, 255]; [112, 70, 40, 255]; [80, 70, 65, 255])
House((1258, 860); 10; 10; [200, 112, 70, 255]; [112, 70, 40, 255]; [80, 70, 65, 255])
Tree((1286, 830); 10; 20; [30, 85, 25, 255]; [95, 60, 0, 255]; 2)
House((1364, 908); 10; 10; [200, 112, 70, 255]; [112, 70, 40, 255]; [80, 70, 65, 255])
Tree((1293, 901); 10; 20; [30, 85, 25, 255]; [95, 60, 0, 255]; 2)
House((1342, 815); 10; 10; [200, 112, 70, 255]; [112, 70, 40, 255]; [80, 70, 65, 255])
House((1361, 830); 10; 10; [200, 112, 70, 255]; [112, 70, 40, 255]; [80, 70, 65, 255])
Tree((1298, 822); 10; 20; [30, 85, 25, 255]; [95, 60, 0, 255]; 2)
Tree((1348, 858); 10; 20; [30, 85, 25, 255]; [95, 60, 0, 255]; 2)
Tree((1313, 889); 10; 20; [30, 85, 25, 255]; [95, 60, 0, 255]; 2)
Tree((1329, 877); 10; 20; [30, 85, 25, 255]; [95, 60, 0, 255]; 2)
Tree((1269, 887); 10; 20; [30, 85, 25, 255]; [95, 60, 0, 255]; 2)
Tree((1287, 919); 10; 20; [30, 85, 25, 255]; [95, 60, 0, 255]; 2)
House((1339, 886); 10; 10; [200, 112, 70, 255]; [112, 70, 40, 255]; [80, 70, 65, 255])
Tree((1285, 857); 10; 20; [30, 85, 25, 255]; [95, 60, 0, 255]; 2)
Tree((1209, 906); 10; 20; [30, 85, 25, 255]; [95, 60, 0, 255]; 2)
House((1336, 860); 10; 10; [200, 112, 70, 255]; [112, 70, 40, 255]; [80, 70, 65, 255])
Tree((1288, 809); 10; 20; [30, 85, 25, 255]; [95, 60, 0, 255]; 2)
House((1377, 921); 10; 10; [200, 112, 70, 255]; [112, 70, 40, 255]; [80, 70, 65, 255])
Tree((1230, 900); 10; 20; [30, 85, 25, 255]; [95, 60, 0, 255]; 2)
Tree((1365, 886); 10; 20; [30, 85, 25, 255]; [95, 60, 0, 255]; 2)
House((1238, 890); 10; 10; [200, 112, 70, 255]; [112, 70, 40, 255]; [80, 70, 65, 255])
Tree((1340, 895); 10; 20; [30, 85, 25, 255]; [95, 60, 0, 255]; 2)
Tree((1388, 907); 10; 20; [30, 85, 25, 255]; [95, 60, 0, 255]; 2)
Tree((1377, 865); 10; 20; [30, 85, 25, 255]; [95, 60, 0, 255]; 2)
Tree((1304, 872); 10; 20; [30, 85, 25, 255]; [95, 60, 0, 255]; 2)
Tree((1251, 870); 10; 20; [30, 85, 25, 255]; [95, 60, 0, 255]; 2)
House((1346, 913); 10; 10; [200, 112, 70, 255]; [112, 70, 40, 255]; [80, 70, 65, 255])
Tree((1375, 890); 10; 20; [30, 85, 25, 255]; [95, 60, 0, 255]; 2)
House((1277, 899); 10; 10; [200, 112, 70, 255]; [112, 70, 40, 255]; [80, 70, 65, 255])
Tree((1539, 161); 10; 20; [30, 85, 25, 255]; [95, 60, 0, 255]; 2)
Mountain((1529, 94); 30; 40; [112, 112, 112, 255]; True; [255, 255, 255, 255])
Tree((1582, 177); 10; 20; [30, 85, 25, 255]; [95, 60, 0, 255]; 2)
Tree((1556, 20); 10; 20; [30, 85, 25, 255]; [95, 60, 0, 255]; 2)
Tree((1553, 170); 10; 20; [30, 85, 25, 255]; [95, 60, 0, 255]; 2)
Tree((1547, 150); 10; 20; [30, 85, 25, 255]; [95, 60, 0, 255]; 2)
Tree((1560, 96); 10; 20; [30, 85, 25, 255]; [95, 60, 0, 255]; 2)
Tree((1554, 192); 10; 20; [30, 85, 25, 255]; [95, 60, 0, 255]; 2)
Mountain((1559, 42); 30; 40; [112, 112, 112, 255]; True; [255, 255, 255, 255])
Mountain((1513, 54); 30; 40; [112, 112, 112, 255]; True; [255, 255, 255, 255])
Tree((1515, 27); 10; 20; [30, 85, 25, 255]; [95, 60, 0, 255]; 2)
Mountain((1484, 1); 30; 40; [112, 112, 112, 255]; True; [255, 255, 255, 255])
Tree((1596, 138); 10; 20; [30, 85, 25, 255]; [95, 60, 0, 255]; 2)
Tree((1592, 111); 10; 20; [30, 85, 25, 255]; [95, 60, 0, 255]; 2)
Mountain((1597, 41); 30; 40; [112, 112, 112, 255]; True; [255, 255, 255, 255])
Tree((1587, 225); 10; 20; [30, 85, 25, 255]; [95, 60, 0, 255]; 2)
Mountain((1470, 389); 30; 40; [112, 112, 112, 255]; True; [255, 255, 255, 255])
Mountain((1607, 207); 30; 40; [112, 112, 112, 255]; True; [255, 255, 255, 255])
Mountain((1496, 368); 30; 40; [112, 112, 112, 255]; True; [255, 255, 255, 255])
Tree((1580, 527); 10; 20; [30, 85, 25, 255]; [95, 60, 0, 255]; 2)
Tree((1519, 581); 10; 20; [30, 85, 25, 255]; [95, 60, 0, 255]; 2)
Mountain((1543, 529); 30; 40; [112, 112, 112, 255]; True; [255, 255, 255, 255])
Tree((1509, 411); 10; 20; [30, 85, 25, 255]; [95, 60, 0, 255]; 2)
Tree((1530, 455); 10; 20; [30, 85, 25, 255]; [95, 60, 0, 255]; 2)
Mountain((1444, 512); 30; 40; [112, 112, 112, 255]; True; [255, 255, 255, 255])
Tree((1530, 479); 10; 20; [30, 85, 25, 255]; [95, 60, 0, 255]; 2)
Tree((1462, 426); 10; 20; [30, 85, 25, 255]; [95, 60, 0, 255]; 2)
Tree((1509, 516); 10; 20; [30, 85, 25, 255]; [95, 60, 0, 255]; 2)
Mountain((1466, 544); 30; 40; [112, 112, 112, 255]; True; [255, 255, 255, 255])
Tree((1461, 486); 10; 20; [30, 85, 25, 255]; [95, 60, 0, 255]; 2)
Mountain((1608, 590); 30; 40; [112, 112, 112, 255]; True; [255, 255, 255, 255])
Tree((1452, 406); 10; 20; [30, 85, 25, 255]; [95, 60, 0, 255]; 2)
Tree((1511, 536); 10; 20; [30, 85, 25, 255]; [95, 60, 0, 255]; 2)
Tree((1497, 436); 10; 20; [30, 85, 25, 255]; [95, 60, 0, 255]; 2)
Tree((1595, 542); 10; 20; [30, 85, 25, 255]; [95, 60, 0, 255]; 2)
Tree((1457, 458); 10; 20; [30, 85, 25, 255]; [95, 60, 0, 255]; 2)
Mountain((1438, 469); 30; 40; [112, 112, 112, 255]; True; [255, 255, 255, 255])
Tree((1553, 466); 10; 20; [30, 85, 25, 255]; [95, 60, 0, 255]; 2)
Tree((1519, 460); 10; 20; [30, 85, 25, 255]; [95, 60, 0, 255]; 2)
Tree((1451, 489); 10; 20; [30, 85, 25, 255]; [95, 60, 0, 255]; 2)
Tree((1527, 572); 10; 20; [30, 85, 25, 255]; [95, 60, 0, 255]; 2)
Tree((1534, 432); 10; 20; [30, 85, 25, 255]; [95, 60, 0, 255]; 2)
Tree((1505, 466); 10; 20; [30, 85, 25, 255]; [95, 60, 0, 255]; 2)
Tree((1478, 433); 10; 20; [30, 85, 25, 255]; [95, 60, 0, 255]; 2)
Mountain((1480, 482); 30; 40; [112, 112, 112, 255]; True; [255, 255, 255, 255])
Tree((1567, 493); 10; 20; [30, 85, 25, 255]; [95, 60, 0, 255]; 2)
Mountain((1493, 573); 30; 40; [112, 112, 112, 255]; True; [255, 255, 255, 255])
Tree((1543, 501); 10; 20; [30, 85, 25, 255]; [95, 60, 0, 255]; 2)
Tree((1438, 440); 10; 20; [30, 85, 25, 255]; [95, 60, 0, 255]; 2)
Tree((1418, 481); 10; 20; [30, 85, 25, 255]; [95, 60, 0, 255]; 2)
Tree((1602, 566); 10; 20; [30, 85, 25, 255]; [95, 60, 0, 255]; 2)
Mountain((1557, 598); 30; 40; [112, 112, 112, 255]; True; [255, 255, 255, 255])
Hill((1418, 687); 5; [15, 112, 26, 255])
Hill((1431, 682); 5; [15, 112, 26, 255])
Hill((1450, 655); 5; [15, 112, 26, 255])
Tree((1593, 613); 10; 20; [30, 85, 25, 255]; [95, 60, 0, 255]; 2)
Hill((1480, 634); 5; [15, 112, 26, 255])
Hill((1435, 647); 5; [15, 112, 26, 255])
Tree((1573, 608); 10; 20; [30, 85, 25, 255]; [95, 60, 0, 255]; 2)
Hill((1446, 675); 5; [15, 112, 26, 255])
Hill((1427, 615); 5; [15, 112, 26, 255])
Tree((1532, 615); 10; 20; [30, 85, 25, 255]; [95, 60, 0, 255]; 2)
Hill((1439, 633); 5; [15, 112, 26, 255])
Hill((1457, 656); 5; [15, 112, 26, 255])
Hill((1465, 629); 5; [15, 112, 26, 255])
Hill((1419, 654); 5; [15, 112, 26, 255])
Hill((1433, 676); 5; [15, 112, 26, 255])
Hill((1496, 639); 5; [15, 112, 26, 255])
Hill((1463, 662); 5; [15, 112, 26, 255])
Hill((1470, 654); 5; [15, 112, 26, 255])
Hill((1509, 629); 5; [15, 112, 26, 255])
Hill((1438, 619); 5; [15, 112, 26, 255])
Hill((1499, 645); 5; [15, 112, 26, 255])
Hill((1497, 621); 5; [15, 112, 26, 255])
Hill((1490, 636); 5; [15, 112, 26, 255])
Hill((1443, 650); 5; [15, 112, 26, 255])
Hill((1455, 626); 5; [15, 112, 26, 255])
Hill((1440, 628); 5; [15, 112, 26, 255])
Hill((1465, 638); 5; [15, 112, 26, 255])
Hill((1438, 640); 5; [15, 112, 26, 255])
Hill((1437, 657); 5; [15, 112, 26, 255])
Hill((1416, 674); 5; [15, 112, 26, 255])
Hill((1422, 626); 5; [15, 112, 26, 255])
Hill((1447, 667); 5; [15, 112, 26, 255])
Hill((1407, 661); 5; [15, 112, 26, 255])
Hill((1437, 669); 5; [15, 112, 26, 255])
Hill((1408, 697); 5; [15, 112, 26, 255])
Hill((1506, 620); 5; [15, 112, 26, 255])
Tree((1662, 170); 10; 20; [30, 85, 25, 255]; [95, 60, 0, 255]; 2)
Mountain((1669, 122); 30; 40; [112, 112, 112, 255]; True; [255, 255, 255, 255])
Tree((1771, 57); 10; 20; [30, 85, 25, 255]; [95, 60, 0, 255]; 2)
Mountain((1683, 30); 30; 40; [112, 112, 112, 255]; True; [255, 255, 255, 255])
Mountain((1792, 109); 30; 40; [112, 112, 112, 255]; True; [255, 255, 255, 255])
Tree((1635, 56); 10; 20; [30, 85, 25, 255]; [95, 60, 0, 255]; 2)
Tree((1785, 196); 10; 20; [30, 85, 25, 255]; [95, 60, 0, 255]; 2)
Tree((1732, 57); 10; 20; [30, 85, 25, 255]; [95, 60, 0, 255]; 2)
Tree((1757, 20); 10; 20; [30, 85, 25, 255]; [95, 60, 0, 255]; 2)
Mountain((1620, 10); 30; 40; [112, 112, 112, 255]; True; [255, 255, 255, 255])
Tree((1700, 126); 10; 20; [30, 85, 25, 255]; [95, 60, 0, 255]; 2)
Mountain((1738, 111); 30; 40; [112, 112, 112, 255]; True; [255, 255, 255, 255])
Tree((1725, 68); 10; 20; [30, 85, 25, 255]; [95, 60, 0, 255]; 2)
Mountain((1712, 168); 30; 40; [112, 112, 112, 255]; True; [255, 255, 255, 255])
Tree((1774, 168); 10; 20; [30, 85, 25, 255]; [95, 60, 0, 255]; 2)
Tree((1696, 105); 10; 20; [30, 85, 25, 255]; [95, 60, 0, 255]; 2)
Tree((1798, 65); 10; 20; [30, 85, 25, 255]; [95, 60, 0, 255]; 2)
Tree((1764, 106); 10; 20; [30, 85, 25, 255]; [95, 60, 0, 255]; 2)
Tree((1688, 97); 10; 20; [30, 85, 25, 255]; [95, 60, 0, 255]; 2)
Mountain((1710, 89); 30; 40; [112, 112, 112, 255]; True; [255, 255, 255, 255])
Mountain((1777, 9); 30; 40; [112, 112, 112, 255]; True; [255, 255, 255, 255])
Mountain((1759, 136); 30; 40; [112, 112, 112, 255]; True; [255, 255, 255, 255])
Tree((1653, 100); 10; 20; [30, 85, 25, 255]; [95, 60, 0, 255]; 2)
Tree((1735, 33); 10; 20; [30, 85, 25, 255]; [95, 60, 0, 255]; 2)
Tree((1647, 49); 10; 20; [30, 85, 25, 255]; [95, 60, 0, 255]; 2)
Tree((1623, 177); 10; 20; [30, 85, 25, 255]; [95, 60, 0, 255]; 2)
Tree((1712, 43); 10; 20; [30, 85, 25, 255]; [95, 60, 0, 255]; 2)
Mountain((1624, 97); 30; 40; [112, 112, 112, 255]; True; [255, 255, 255, 255])
Mountain((1805, 23); 30; 40; [112, 112, 112, 255]; True; [255, 255, 255, 255])
Mountain((1721, 3); 30; 40; [112, 112, 112, 255]; True; [255, 255, 255, 255])
Tree((1718, 134); 10; 20; [30, 85, 25, 255]; [95, 60, 0, 255]; 2)
Tree((1650, 155); 10; 20; [30, 85, 25, 255]; [95, 60, 0, 255]; 2)
Tree((1623, 219); 10; 20; [30, 85, 25, 255]; [95, 60, 0, 255]; 2)
House((1793, 273); 10; 10; [200, 112, 70, 255]; [112, 70, 40, 255]; [80, 70, 65, 255])
Tree((1702, 260); 10; 20; [30, 85, 25, 255]; [95, 60, 0, 255]; 2)
Tree((1715, 333); 15; 20; [45, 112, 3, 255]; [112, 52, 3, 255]; 1)
House((1681, 366); 10; 10; [200, 112, 70, 255]; [112, 70, 40, 255]; [80, 70, 65, 255])
Tree((1756, 255); 10; 20; [30, 85, 25, 255]; [95, 60, 0, 255]; 2)
House((1782, 391); 10; 10; [200, 112, 70, 255]; [112, 70, 40, 255]; [80, 70, 65, 255])
House((1805, 393); 10; 10; [200, 112, 70, 255]; [112, 70, 40, 255]; [80, 70, 65, 255])
House((1676, 355); 10; 10; [200, 112, 70, 255]; [112, 70, 40, 255]; [80, 70, 65, 255])
Tree((1751, 317); 15; 20; [45, 112, 3, 255]; [112, 52, 3, 255]; 1)
House((1789, 363); 10; 10; [200, 112, 70, 255]; [112, 70, 40, 255]; [80, 70, 65, 255])
Tree((1804, 358); 15; 20; [45, 112, 3, 255]; [112, 52, 3, 255]; 1)
Mountain((1740, 230); 30; 40; [112, 112, 112, 255]; True; [255, 255, 255, 255])
House((1760, 280); 10; 10; [200, 112, 70, 255]; [112, 70, 40, 255]; [80, 70, 65, 255])
Tree((1702, 359); 15; 20; [45, 112, 3, 255]; [112, 52, 3, 255]; 1)
Mountain((1667, 241); 30; 40; [112, 112, 112, 255]; True; [255, 255, 255, 255])
Tree((1695, 332); 15; 20; [45, 112, 3, 255]; [112, 52, 3, 255]; 1)
Tree((1756, 336); 15; 20; [45, 112, 3, 255]; [112, 52, 3, 255]; 1)
Tree((1768, 380); 15; 20; [45, 112, 3, 255]; [112, 52, 3, 255]; 1)
House((1758, 370); 10; 10; [200, 112, 70, 255]; [112, 70, 40, 255]; [80, 70, 65, 255])
House((1745, 297); 10; 10; [200, 112, 70, 255]; [112, 70, 40, 255]; [80, 70, 65, 255])
Tree((1748, 393); 15; 20; [45, 112, 3, 255]; [112, 52, 3, 255]; 1)
Tree((1798, 200); 10; 20; [30, 85, 25, 255]; [95, 60, 0, 255]; 2)
Tree((1716, 231); 10; 20; [30, 85, 25, 255]; [95, 60, 0, 255]; 2)
Tree((1647, 261); 10; 20; [30, 85, 25, 255]; [95, 60, 0, 255]; 2)
Tree((1689, 269); 15; 20; [45, 112, 3, 255]; [112, 52, 3, 255]; 1)
House((1676, 318); 10; 10; [200, 112, 70, 255]; [112, 70, 40, 255]; [80, 70, 65, 255])
Tree((1646, 242); 10; 20; [30, 85, 25, 255]; [95, 60, 0, 255]; 2)
Tree((1635, 246); 10; 20; [30, 85, 25, 255]; [95, 60, 0, 255]; 2)
House((1720, 364); 10; 10; [200, 112, 70, 255]; [112, 70, 40, 255]; [80, 70, 65, 255])
Tree((1776, 293); 15; 20; [45, 112, 3, 255]; [112, 52, 3, 255]; 1)
Tree((1676, 292); 15; 20; [45, 112, 3, 255]; [112, 52, 3, 255]; 1)
Tree((1718, 299); 15; 20; [45, 112, 3, 255]; [112, 52, 3, 255]; 1)
Tree((1765, 314); 15; 20; [45, 112, 3, 255]; [112, 52, 3, 255]; 1)
Tree((1673, 215); 10; 20; [30, 85, 25, 255]; [95, 60, 0, 255]; 2)
Tree((1693, 289); 15; 20; [45, 112, 3, 255]; [112, 52, 3, 255]; 1)
House((1796, 296); 10; 10; [200, 112, 70, 255]; [112, 70, 40, 255]; [80, 70, 65, 255])
Tree((1773, 361); 15; 20; [45, 112, 3, 255]; [112, 52, 3, 255]; 1)
Tree((1776, 272); 15; 20; [45, 112, 3, 255]; [112, 52, 3, 255]; 1)
House((1730, 375); 10; 10; [200, 112, 70, 255]; [112, 70, 40, 255]; [80, 70, 65, 255])
Tree((1687, 203); 10; 20; [30, 85, 25, 255]; [95, 60, 0, 255]; 2)
Tree((1680, 228); 10; 20; [30, 85, 25, 255]; [95, 60, 0, 255]; 2)
House((1724, 387); 10; 10; [200, 112, 70, 255]; [112, 70, 40, 255]; [80, 70, 65, 255])
Tree((1730, 558); 15; 20; [45, 112, 3, 255]; [112, 52, 3, 255]; 1)
House((1708, 472); 10; 10; [200, 112, 70, 255]; [112, 70, 40, 255]; [80, 70, 65, 255])
House((1785, 468); 10; 10; [200, 112, 70, 255]; [112, 70, 40, 255]; [80, 70, 65, 255])
House((1757, 567); 10; 10; [200, 112, 70, 255]; [112, 70, 40, 255]; [80, 70, 65, 255])
Tree((1761, 425); 15; 20; [45, 112, 3, 255]; [112, 52, 3, 255]; 1)
House((1711, 457); 10; 10; [200, 112, 70, 255]; [112, 70, 40, 255]; [80, 70, 65, 255])
House((1725, 530); 10; 10; [200, 112, 70, 255]; [112, 70, 40, 255]; [80, 70, 65, 255])
House((1730, 474); 10; 10; [200, 112, 70, 255]; [112, 70, 40, 255]; [80, 70, 65, 255])
House((1704, 446); 10; 10; [200, 112, 70, 255]; [112, 70, 40, 255]; [80, 70, 65, 255])
Tree((1798, 487); 15; 20; [45, 112, 3, 255]; [112, 52, 3, 255]; 1)
Tree((1702, 482); 15; 20; [45, 112, 3, 255]; [112, 52, 3, 255]; 1)
Tree((1693, 428); 15; 20; [45, 112, 3, 255]; [112, 52, 3, 255]; 1)
House((1769, 542); 10; 10; [200, 112, 70, 255]; [112, 70, 40, 255]; [80, 70, 65, 255])
Tree((1749, 467); 15; 20; [45, 112, 3, 255]; [112, 52, 3, 255]; 1)
House((1762, 525); 10; 10; [200, 112, 70, 255]; [112, 70, 40, 255]; [80, 70, 65, 255])
House((1716, 529); 10; 10; [200, 112, 70, 255]; [112, 70, 40, 255]; [80, 70, 65, 255])
Tree((1716, 426); 15; 20; [45, 112, 3, 255]; [112, 52, 3, 255]; 1)
Tree((1739, 511); 15; 20; [45, 112, 3, 255]; [112, 52, 3, 255]; 1)
House((1767, 506); 10; 10; [200, 112, 70, 255]; [112, 70, 40, 255]; [80, 70, 65, 255])
House((1736, 497); 10; 10; [200, 112, 70, 255]; [112, 70, 40, 255]; [80, 70, 65, 255])
House((1794, 442); 10; 10; [200, 112, 70, 255]; [112, 70, 40, 255]; [80, 70, 65, 255])
Tree((1732, 401); 15; 20; [45, 112, 3, 255]; [112, 52, 3, 255]; 1)
House((1773, 441); 10; 10; [200, 112, 70, 255]; [112, 70, 40, 255]; [80, 70, 65, 255])
Tree((1800, 506); 15; 20; [45, 112, 3, 255]; [112, 52, 3, 255]; 1)
House((1769, 473); 10; 10; [200, 112, 70, 255]; [112, 70, 40, 255]; [80, 70, 65, 255])
Tree((1613, 566); 10; 20; [30, 85, 25, 255]; [95, 60, 0, 255]; 2)
House((1750, 446); 10; 10; [200, 112, 70, 255]; [112, 70, 40, 255]; [80, 70, 65, 255])
House((1759, 459); 10; 10; [200, 112, 70, 255]; [112, 70, 40, 255]; [80, 70, 65, 255])
House((1769, 579); 10; 10; [200, 112, 70, 255]; [112, 70, 40, 255]; [80, 70, 65, 255])
House((1745, 566); 10; 10; [200, 112, 70, 255]; [112, 70, 40, 255]; [80, 70, 65, 255])
House((1804, 440); 10; 10; [200, 112, 70, 255]; [112, 70, 40, 255]; [80, 70, 65, 255])
House((1777, 571); 10; 10; [200, 112, 70, 255]; [112, 70, 40, 255]; [80, 70, 65, 255])
Tree((1710, 503); 15; 20; [45, 112, 3, 255]; [112, 52, 3, 255]; 1)
Mountain((1817, 164); 30; 40; [112, 112, 112, 255]; True; [255, 255, 255, 255])
Tree((1845, 198); 10; 20; [30, 85, 25, 255]; [95, 60, 0, 255]; 2)
Tree((1816, 114); 10; 20; [30, 85, 25, 255]; [95, 60, 0, 255]; 2)
Tree((1839, 107); 10; 20; [30, 85, 25, 255]; [95, 60, 0, 255]; 2)
Tree((1833, 66); 10; 20; [30, 85, 25, 255]; [95, 60, 0, 255]; 2)
Mountain((1851, 41); 30; 40; [112, 112, 112, 255]; True; [255, 255, 255, 255])
Tree((1817, 334); 15; 20; [45, 112, 3, 255]; [112, 52, 3, 255]; 1)
House((1811, 303); 10; 10; [200, 112, 70, 255]; [112, 70, 40, 255]; [80, 70, 65, 255])
Tree((1819, 315); 15; 20; [45, 112, 3, 255]; [112, 52, 3, 255]; 1)
House((1849, 345); 10; 10; [200, 112, 70, 255]; [112, 70, 40, 255]; [80, 70, 65, 255])
House((1835, 343); 10; 10; [200, 112, 70, 255]; [112, 70, 40, 255]; [80, 70, 65, 255])
Tree((1840, 397); 15; 20; [45, 112, 3, 255]; [112, 52, 3, 255]; 1)
House((1847, 384); 10; 10; [200, 112, 70, 255]; [112, 70, 40, 255]; [80, 70, 65, 255])
Mountain((1839, 262); 30; 40; [112, 112, 112, 255]; True; [255, 255, 255, 255])
Tree((1828, 294); 15; 20; [45, 112, 3, 255]; [112, 52, 3, 255]; 1)
House((1847, 572); 10; 10; [200, 112, 70, 255]; [112, 70, 40, 255]; [80, 70, 65, 255])
Tree((1851, 535); 15; 20; [45, 112, 3, 255]; [112, 52, 3, 255]; 1)
House((1806, 426); 10; 10; [200, 112, 70, 255]; [112, 70, 40, 255]; [80, 70, 65, 255])
House((1836, 447); 10; 10; [200, 112, 70, 255]; [112, 70, 40, 255]; [80, 70, 65, 255])
Tree((1813, 589); 15; 20; [45, 112, 3, 255]; [112, 52, 3, 255]; 1)
House((1817, 573); 10; 10; [200, 112, 70, 255]; [112, 70, 40, 255]; [80, 70, 65, 255])
Tree((1808, 470); 15; 20; [45, 112, 3, 255]; [112, 52, 3, 255]; 1)
House((1843, 469); 10; 10; [200, 112, 70, 255]; [112, 70, 40, 255]; [80, 70, 65, 255])
Tree((1808, 543); 15; 20; [45, 112, 3, 255]; [112, 52, 3, 255]; 1)
House((1850, 503); 10; 10; [200, 112, 70, 255]; [112, 70, 40, 255]; [80, 70, 65, 255])
Tree((1819, 528); 15; 20; [45, 112, 3, 255]; [112, 52, 3, 255]; 1)
House((1827, 453); 10; 10; [200, 112, 70, 255]; [112, 70, 40, 255]; [80, 70, 65, 255])
Tree((1839, 588); 15; 20; [45, 112, 3, 255]; [112, 52, 3, 255]; 1)
House((1834, 512); 10; 10; [200, 112, 70, 255]; [112, 70, 40, 255]; [80, 70, 65, 255])
Tree((1813, 490); 15; 20; [45, 112, 3, 255]; [112, 52, 3, 255]; 1)
House((1833, 572); 10; 10; [200, 112, 70, 255]; [112, 70, 40, 255]; [80, 70, 65, 255])
House((1827, 402); 10; 10; [200, 112, 70, 255]; [112, 70, 40, 255]; [80, 70, 65, 255])
House((1836, 523); 10; 10; [200, 112, 70, 255]; [112, 70, 40, 255]; [80, 70, 65, 255])
House((1818, 426); 10; 10; [200, 112, 70, 255]; [112, 70, 40, 255]; [80, 70, 65, 255])